time,Top_PT,Top_ECRL,Top_UI_UB5,Top_PQ,Top_FCU,Top_FDS4,Top_PL,Top_LU_RB5,Top_ECRB,Top_FCR,Top_RI5,Top_ECU
0.0,0.42726299924950517,0.25996530069823903,0.0,-1.0956311530208481e-09,2.278841826524049e-09,-1.0168504045928288e-07,0.0024267891763207657,0.0,1.7214680698324034e-08,1.6304869519304744e-08,0.0,6.565216480051974e-61
0.01,0.4358699709218188,0.2555976970298399,0.0,6.510005987895673e-10,1.7019340238231898e-07,6.357681646608823e-08,0.0022493531365668307,0.0,2.5758660248313277e-08,2.2768362472368343e-08,0.0,7.697955443178885e-61
0.02,0.44341702644694925,0.2516698279700001,0.0,2.793862623419628e-09,3.6425385058985647e-07,2.6610907631060653e-07,0.0020216261536248467,0.0,3.3734800791389705e-08,2.8437933245887657e-08,0.0,8.279940788839192e-61
0.03,0.4493569285311558,0.24851679145081473,0.0,5.201346132437938e-09,5.699296817976493e-07,4.934246775369607e-07,0.0017123829664210314,0.0,4.0105317833965094e-08,3.247121893886668e-08,0.0,8.098834009427469e-61
0.04,0.45326646105211615,0.24638042781360678,0.0,7.677163758692704e-09,7.675033723206702e-07,7.269358120035576e-07,0.001283272310388154,0.0,4.3732309184307494e-08,3.3981561026753815e-08,0.0,6.970055554888827e-61
0.05,0.45484057734108646,0.24538792391096712,0.0,9.964791610469794e-09,9.32868002350031e-07,9.423810420022791e-07,0.0006985650761410889,0.0,4.347722462919687e-08,3.2124556411548476e-08,0.0,4.764721776551509e-61
0.06,0.453887016489108,0.24554897396367828,0.0,1.1759789989465488e-08,1.0390261155945111e-06,1.110996842110209e-06,-6.407474756715997e-05,0.0,3.8327088425290165e-08,2.6203133175192336e-08,0.0,1.43889234373814e-61
0.07,0.450323494577902,0.24676743292535963,0.0,1.2730748290101961e-08,1.0583115131190586e-06,1.201503184938003e-06,-0.0010028113585725993,0.0,2.754063793834056e-08,1.5784454940935433e-08,0.0,-2.9387672631182385e-61
0.08,0.4441781258097471,0.24886187253250636,0.0,1.2548842154115883e-08,9.652812421401268e-07,1.182901092670185e-06,-0.0020819804953880797,0.0,1.0803496961840422e-08,8.188484908352179e-10,0.0,-8.164404264348483e-61
0.09,0.43559221013525434,0.25159008892787893,0.0,1.092503166469424e-08,7.401364924377365e-07,1.0279893783818216e-06,-0.0032247383943625895,0.0,-1.1622419489350952e-08,-1.8251905426244525e-08,0.0,-1.3885347869196396e-60
0.1,0.424823173113866,0.2546739578475786,0.0,7.652820582972727e-09,3.7243449861287563e-07,7.174030747363691e-07,-0.004309176807154928,0.0,-3.8773402403191496e-08,-4.041179314006841e-08,0.0,-1.959934343339508e-60
0.11,0.4122445028120615,0.2578223639236724,0.0,2.6533213496067266e-09,-1.3524257232012443e-07,2.438651561626114e-07,-0.005168950180539235,0.0,-6.890269198881489e-08,-6.402933375149124e-08,0.0,-2.4670187266107194e-60
0.12,0.3983392370125022,0.2607510523029322,0.0,-3.981758567757785e-09,-7.640805879662081e-07,-3.8376323906676164e-07,-0.0055992452735494505,0.0,-9.946435578045726e-08,-8.687361067709464e-08,0.0,-2.8362425552428406e-60
0.13,0.3836841368412213,0.2631990965865143,0.0,-1.1954538676391511e-08,-1.4767681852594512e-06,-1.137137771448468e-06,-0.005368604140067933,0.0,-1.2718156261354493e-07,-1.0620114979327719e-07,0.0,-2.989637887705449e-60
0.14,0.36892333911342706,0.26494220606010926,0.0,-2.073873265687195e-08,-2.2166773630808557e-06,-1.9663515498812106e-06,-0.004236698754279855,0.0,-1.482143106388638e-07,-1.1892300266313637e-07,0.0,-2.852283575512546e-60
0.15,0.3547329973533153,0.2658033020724468,0.0,-2.95768085340722e-08,-2.90896872360453e-06,-2.7996918044044912e-06,-0.001977660861446157,0.0,-1.5843466570807995e-07,-1.218549995893045e-07,0.0,-2.3614398899686086e-60
0.16,0.34178127240654566,0.26566074127613426,0.0,-3.7502058885802796e-08,-3.464014914637027e-06,-3.5457520736401715e-06,0.0015920512628787283,0.0,-1.5380779214628144e-07,-1.1204569936373365e-07,0.0,-1.4767810191356998e-60
0.17,0.3306888173279104,0.26445439798896886,0.0,-4.3389812612081016e-08,-3.783384032722016e-06,-4.098297244485091e-06,0.006583146420947497,0.0,-1.30864852554875e-07,-8.716646901281133e-08,0.0,-1.9088395603992064e-61
0.18,0.32199222433955477,0.2621896654459967,0.0,-4.603991966028119e-08,-3.7684053997586273e-06,-4.344079751476205e-06,0.013003419597522463,0.0,-8.723991975745104e-08,-4.593705399197583e-08,0.0,1.4611218751212584e-60
0.19,0.31610912927346735,0.25893925869208034,0.0,-4.428974003671843e-08,-3.3310594549127753e-06,-4.173530811811026e-06,0.0207322958098564,0.0,-2.2228465598974874e-08,1.1451086249653361e-08,0.0,3.394040625645025e-60
0.2,0.31330336289769967,0.25484236706072594,0.0,-3.715327581654063e-08,-2.406606218390945e-06,-3.4939109802804947e-06,0.029504761670789963,0.0,6.268878651640605e-08,8.296127337879897e-08,0.0,5.468638672320055e-60
0.21,0.3136529062104369,0.25010023738939685,0.0,-2.3978012761607764e-08,-9.670167143814055e-07,-2.244119778115547e-06,0.03890918040528726,0.0,1.6342409142451177e-07,1.644427667897015e-07,0.0,7.492607038326093e-60
0.22,0.31702840245458763,0.24496693722584587,0.0,-4.606810022864088e-09,9.660683612982687e-07,-4.0996531567243485e-07,0.04840257763707112,0.0,2.7303719886867296e-07,2.4952450087233217e-07,0.0,9.227674133216591e-60
0.23,0.32309065281232136,0.2397341498713905,0.0,2.0471780226023617e-08,3.3104181475860036e-06,1.961677869190227e-06,0.057345713267718444,0.0,3.817406950250976e-07,3.29726808900139e-07,0.0,1.0403728897862138e-59
0.24,0.3313107115979813,0.23470950236970614,0.0,5.000455443176491e-08,5.916088344437699e-06,4.751692711714693e-06,0.06505859979578649,0.0,4.77222854931761e-07,3.9483720129156607e-07,0.0,1.0740266881052787e-59
0.25,0.3410088721891114,0.23018903123422838,0.0,8.190767883269619e-08,8.56390448837932e-06,7.762565778453375e-06,0.07089476349572245,0.0,5.45337330625598e-07,4.3357930877347785e-07,0.0,9.974742647607306e-60
0.26,0.3514035176203725,0.22642576835272404,0.0,1.1327522556985519e-07,1.097122401541263e-05,1.0719285988336118e-05,0.0743290754562184,0.0,5.711815059252857e-07,4.345793635820909e-07,0.0,7.896533465314243e-60
0.27,0.36166066166220795,0.22359793775673076,0.0,1.4048126333278381e-07,1.2806289842568709e-05,1.3279087854967448e-05,0.07504918701470667,0.0,5.405480566524009e-07,3.8760273362041486e-07,0.0,4.384248907552333e-60
0.28,0.37093980558379536,0.2217817662547898,0.0,1.5938926317878496e-07,1.3711886529221764e-05,1.5051329995824573e-05,0.07303492595351481,0.0,4.416886764524342e-07,2.849956721688988e-07,0.0,-5.56858080014489e-61
0.29,0.37843791521890435,0.2209349005665698,0.0,1.6567435758787888e-07,1.3338168084454282e-05,1.562802070896191e-05,0.0686057766287843,0.0,2.672779004849291e-07,1.23227272302697e-07,0.0,-6.761504627586183e-60
0.3,0.38343621613231194,0.22089566446277203,0.0,1.552529478784706e-07,1.1383473178927324e-05,1.4624457718634222e-05,0.06241843318417654,0.0,1.641268530898441e-08,-9.561267624435483e-08,0.0,-1.3879801817492556e-59
0.31,0.3853517402170683,0.2214000630637556,0.0,1.2480076123510997e-07,7.640739151178889e-06,1.1728183431738593e-05,0.05540731736467993,0.0,-3.035646477290016e-07,-3.625380408778347e-07,0.0,-2.1366580542385548e-59
0.32,0.3837894026457387,0.22211380951874596,0.0,7.232557011789195e-08,2.0458639528289825e-06,6.753051450115274e-06,0.048676588265343254,0.0,-6.756698592762193e-07,-6.608141304146445e-07,0.0,-2.848953328249146e-59
0.33,0.3785857144393481,0.22267332153718336,0.0,-2.2543443206590314e-09,-5.276830341586407e-06,-3.062268171466518e-07,0.04336363031054795,0.0,-1.072576038482504e-06,-9.65737095807925e-07,0.0,-3.4360314958628527e-59
0.34,0.36983462684141344,0.22272888506713304,0.0,-9.65886622942943e-08,-1.3977857008292337e-05,-9.224982109855008e-06,0.04049687821181593,0.0,-1.4568730784234406e-06,-1.2452388561772746e-06,0.0,-3.799130853676394e-59
0.35,0.35788839698423025,0.22198418371010772,0.0,-2.0550359798235197e-07,-2.3460965618879214e-05,-1.9511845571583072e-05,0.04086779754160261,0.0,-1.7825161376501696e-06,-1.4614718254199632e-06,0.0,-3.8378637630694564e-59
0.36,0.3433298928506725,0.2202278665882901,0.0,-3.2081892661206813e-07,-3.2883143649734764e-05,-3.0391759017516523e-05,0.04493209101321281,0.0,-1.997621209163759e-06,-1.5734603231644036e-06,0.0,-3.4609250712023266e-59
0.37,0.32691674370908014,0.21735420403183994,0.0,-4.3144969280030284e-07,-4.118201251324815e-05,-4.081592139054983e-05,0.05275056531170582,0.0,-2.0486587814570537e-06,-1.540810440276875e-06,0.0,-2.598664571601183e-59
0.38,0.30950234599833804,0.2133711035418707,0.0,-5.2385766940101e-07,-4.7134924655209266e-05,-4.950479229820376e-05,0.06397567215160184,0.0,-1.8859550419809972e-06,-1.32835041663535e-06,0.0,-1.216627764520573e-59
0.39,0.2919440873281895,0.20839490077722467,0.0,-5.828962621019277e-07,-4.945170427354505e-05,-5.5028245543992734e-05,0.07788524523401542,0.0,-1.4702406273506132e-06,-9.114359690844852e-07,0.0,6.711785840582801e-60
0.4,0.27501438556107316,0.20263252597961467,0.0,-5.930605969973663e-07,-4.6899760372975046e-05,-5.592393927738956e-05,0.09346013094438971,0.0,-7.798008910119982e-07,-2.815099549056346e-07,0.0,2.9908425802658244e-59
0.41,0.259332429000618,0.19635307299816804,0.0,-5.401126951917207e-07,-3.845636614512611e-05,-5.085101298779468e-05,0.1094971172428964,0.0,1.824047588901459e-07,5.486326199701542e-07,0.0,5.600684114957765e-59
0.42,0.2453304806305943,0.18985258682302528,0.0,-4.1300192544724663e-07,-2.347848652050335e-05,-3.8771524816914447e-05,0.12474301712960617,0.0,1.3824531090575253e-06,1.5405377858146755e-06,0.0,8.288805948485172e-59
0.43,0.23325831744273703,0.18341757139597234,0.0,-2.059467382483123e-07,-1.8760079554867423e-06,-1.9146928414272374e-05,0.13803145385342905,0.0,2.750917766258697e-06,2.6274791347378163e-06,0.0,1.077778308437682e-58
0.44,0.22321736894916155,0.17729302459713936,0.0,7.95101621724602e-08,2.572994724252305e-05,7.868187376505194e-06,0.14840413103749164,0.0,4.181053615648169e-06,3.7142820408448233e-06,0.0,1.2737884552526e-58
0.45,0.2152076471505866,0.17165886370815023,0.0,4.3270848809107805e-07,5.788519682230083e-05,4.1257336504627496e-05,0.15520506775349246,0.0,5.5306372985796446e-06,4.680258970212617e-06,0.0,1.3809648442540931e-58
0.46,0.20916855440751214,0.16661560973771652,0.0,8.32608202267547e-07,9.224047490467965e-05,7.902378371243398e-05,0.15814523949465947,0.0,6.6282400692083395e-06,5.385764528006783e-06,0.0,1.363581285065996e-58
0.47,0.20499979178644778,0.1621785939982542,0.0,1.247341110473617e-06,0.00012557213174367203,0.00011814925916679356,0.1573385670590545,0.0,7.284425577708091e-06,5.682613484828226e-06,0.0,1.1901567469999318e-58
0.48,0.2025589520303104,0.1582805238188211,0.0,1.6348442689112e-06,0.00015390544385109357,0.00015465498928143927,0.15330622072615271,0.0,7.3079505100208484e-06,5.4282414264205825e-06,0.0,8.380889144714247e-59
0.49,0.2016433610931572,0.15478323511523506,0.0,1.944795066465123e-06,0.00017275436272723462,0.0001837857051694873,0.14694130318385662,0.0,6.526511532011614e-06,4.503039906515058e-06,0.0,2.985449349271194e-59
0.5,0.20197076912652023,0.15149898494477274,0.0,2.121982309894323e-06,0.00017748231095446025,0.00020032917692391265,0.13942703912086,0.0,4.810954823572481e-06,2.8297931839730087e-06,0.0,-4.188646007104331e-59
0.51,0.20317465102105045,0.14821985198557122,0.0,2.1111242536059646e-06,0.00016377642966029568,0.00019907213853635595,0.13210854759290389,0.0,2.101189409535947e-06,3.936225336268834e-07,0.0,-1.2822054714769834e-58
0.52,0.20482509173792704,0.14475190231207186,0.0,1.8629868185818752e-06,0.00012821304537151328,0.0001753785539542036,0.12632739379565586,0.0,-1.5686154109173378e-06,-2.7396397872920523e-06,0.0,-2.2347771134427142e-58
0.53,0.20647645335806888,0.14094920913698372,0.0,1.3414715409523023e-06,6.887602960126169e-05,0.00012585881843484375,0.12323780962722644,0.0,-6.048537796380231e-06,-6.409107865643147e-06,0.0,-3.194764133876406e-58
0.54,0.2077318624824692,0.1367419269767094,0.0,5.311464977115414e-07,-1.4026433502939147e-05,4.9079962606833e-05,0.12363206155534819,0.0,-1.1058496007547828e-05,-1.035120427631917e-05,0.0,-4.057582476822307e-58
0.55,0.2083078864891319,0.13215336141666453,0.0,-5.554970100843009e-07,-0.00011761560075456475,-5.375102780286482e-05,0.1278056121934251,0.0,-1.6184425756526984e-05,-1.4201373374471716e-05,0.0,-4.701382569873453e-58
0.56,0.2080836466631662,0.12730344807372176,0.0,-1.8719411701918113e-06,-0.00023594604214894808,-0.00017821389902078358,0.13548799270918854,0.0,-2.0888305785972546e-05,-1.750746381580712e-05,0.0,-4.995945320509762e-58
0.57,0.20712408592047232,0.12239861046177179,0.0,-3.3336786917232474e-06,-0.0003598439231215884,-0.0003163050409203123,0.1458549477505943,0.0,-2.4534633291905637e-05,-1.9756424774526376e-05,0.0,-4.814893439968796e-58
0.58,0.205672248592218,0.11770907802036973,0.0,-4.817404194688622e-06,-0.000477060584237479,-0.0004563662965827652,0.1576248653054725,0.0,-2.643482257701304e-05,-2.041492351834843e-05,0.0,-4.0507517272411025e-58
0.59,0.2041093291106385,0.11353505066409103,0.0,-6.1642958068974134e-06,-0.0005728090084821487,-0.0005834008351835156,0.1692292206721953,0.0,-2.590940596942912e-05,-1.898310968995675e-05,0.0,-2.631948573772538e-58
0.6,0.20288661934248056,0.110164545528808,0.0,-7.1881197662213e-06,-0.0006307263968540582,-0.0006798449417360593,0.17903301584274633,0.0,-2.236590756276617e-05,-1.5059084644598332e-05,0.0,-5.403919605038364e-59
0.61,0.20244124808213282,0.10782891059267115,0.0,-7.688551958079799e-06,-0.0006342703641430854,-0.0007268324354471152,0.18556845831198435,0.0,-1.5387949655442334e-05,-8.409791240066223e-06,0.0,2.1721771577093338e-58
0.62,0.20311420858394694,0.10666487477852177,0.0,-7.469636824365721e-06,-0.0005685101373023229,-0.0007059435784128314,0.18773810465409138,0.0,-4.828714404062273e-06,9.578219852612808e-07,0.0,5.371197496427848e-58
0.63,0.2050895038645485,0.10669181289470997,0.0,-6.362712416310589e-06,-0.0004222199086239448,-0.0006013743405102793,0.18494887151282127,0.0,9.100444172906806e-06,1.2733186530772465e-05,0.0,8.83201078185534e-58
0.64,0.2083656385233332,0.10780868120337005,0.0,-4.252454518550136e-06,-0.00019012300374852178,-0.00040239795975571075,0.17715741985839997,0.0,2.5757372137391328e-05,2.625513327578563e-05,0.0,1.2240635393373272e-57
0.65,0.21275921979923432,0.10980896025943793,0.0,-1.1039851964555165e-06,0.00012492189190564575,-0.0001059238330455445,0.16483248202149303,0.0,4.4024816257583454e-05,4.049121759502159e-05,0.0,1.5204663764894095e-57
0.66,0.21793193248146325,0.11240754485017572,0.0,3.011678142039853e-06,0.0005100509005202172,0.00028110450468498815,0.1488577496883342,0.0,6.230696214111356e-05,5.405269436669049e-05,0.0,1.7275789276857013e-57
0.67,0.22343053197212287,0.11527289583158683,0.0,7.897103445001103e-06,0.0009411343771624646,0.0007397822389999635,0.13040266503282938,0.0,7.857813739192015e-05,6.525303296407066e-05,0.0,1.798458120548496e-57
0.68,0.22873304472715394,0.11805995777203175,0.0,1.3216454595526414e-05,0.0013824296986741985,0.0012381281866933862,0.11078137415930571,0.0,9.049225069244381e-05,7.221514152410782e-05,0.0,1.6886932495036292e-57
0.69,0.2332981740164211,0.1204416990577375,0.0,1.8495650610621637e-05,0.0017874321752109719,0.0017311249809156765,0.09131184373243377,0.0,9.555708907053016e-05,7.302844430580714e-05,0.0,1.3620154962924015e-57
0.7,0.23661555651217034,0.12213779692276251,0.0,2.31379140324628e-05,0.00210115291115343,0.0021622224815250153,0.07318448388321083,0.0,9.137149474727923e-05,6.595172253918074e-05,0.0,7.96508226358062e-58
0.71,0.23825267783907542,0.12293830854935137,0.0,2.6457109666986288e-05,0.002263956397475759,0.0024665338293759585,0.05735145903915064,0.0,7.591592380054044e-05,4.9651444644084094e-05,0.0,-9.110228951316151e-60
0.72,0.23789295669933494,0.12271973436180286,0.0,2.7729943601342385e-05,0.002216954462848455,0.002575829015391725,0.04444857927114244,0.0,4.787840559575032e-05,2.3458607420861884e-05,0.0,-1.0298093453402182e-57
0.73,0.23536037779425306,0.12145155211187154,0.0,2.6266285244082785e-05,0.0019087814267093398,0.0024252619195329742,0.034758256757418865,0.0,6.98915768449591e-06,-1.237950934613276e-05,0.0,-2.2099674206395127e-57
0.74,0.2306283108765926,0.11919266653557754,0.0,2.14946649036916e-05,0.0013033775511185378,0.001961560544233904,0.02821607937939005,0.0,-4.567103654349203e-05,-5.6482048599422344e-05,0.0,-3.461340916313014e-57
0.75,0.2238124954180221,0.11607858953652964,0.0,1.3057523373076808e-05,0.0003881993519562377,0.0011521797490651811,0.024457668881882492,0.0,-0.00010743004023875563,-0.00010618518101732338,0.0,-4.6641106306098927e-57
0.76,0.2151501087192042,0.11230127627366546,0.0,9.082516509176662e-07,-0.0008179235262251476,-5.319438736894194e-06,0.022897672211798673,0.0,-0.00017389612010337873,-0.0001574954913241242,0.0,-5.67171386466231e-57
0.77,0.20496845721985096,0.10808442868124449,0.0,-1.4600276661158043e-05,-0.002258229433488714,-0.0014746147740287117,0.02282890300776754,0.0,-0.00023898677765810182,-0.00020517898320537213,0.0,-6.319941659508436e-57
0.78,0.19364825189261795,0.10365778555141422,0.0,-3.264779698097095e-05,-0.0038338103108286926,-0.0031738077932574726,0.0235266768111833,0.0,-0.00029515369635721867,-0.00024301229606010267,0.0,-6.44043519826026e-57
0.79,0.18158731945184897,0.09923426020349502,0.0,-5.1912448548342336e-05,-0.005402799520983818,-0.004971647628472152,0.02434197384845581,0.0,-0.00033383154104060287,-0.0002642118452786471,0.0,-5.878263061965745e-57
0.8,0.16917000160786858,0.09499324914731633,0.0,-7.058312064756907e-05,-0.006783914596394668,-0.006687961965748938,0.024769099484693802,0.0,-0.00034612091086921263,-0.0002620410354579821,0.0,-4.512722610102668e-57
0.81,0.15674485065471044,0.09107170525135677,0.0,-8.642947973399497e-05,-0.007765066545929424,-0.008099292528930137,0.024480133677125357,0.0,-0.0003236924609441537,-0.0002305759142662891,0.0,-2.279921028502861e-57
0.82,0.14460986841165555,0.08756228610057844,0.0,-9.693739205434801e-05,-0.008117360835982565,-0.008950402544425553,0.023327328514018333,0.0,-0.00025987107027098137,-0.00016558668227668964,0.0,8.048934310619063e-58
0.83,0.13300289133687912,0.08451629043882022,0.0,-9.951226935541263e-05,-0.007614287624476586,-0.008971829504746717,0.021321193983453206,0.0,-0.00015082774322902368,-6.546802664836524e-05,0.0,4.6277961316887923e-57
0.84,0.12209560129999035,0.0819487804497899,0.0,-9.174600644219365e-05,-0.006055252245751612,-0.007903010630361378,0.018594074986960092,0.0,3.2247010102733975e-06,6.787241337202115e-05,0.0,8.962365321898966e-57
0.85,0.11199136852258788,0.07984386061465754,0.0,-7.173496122780536e-05,-0.0032918733779349024,-0.00551974464562644,0.015357910534192597,0.0,0.00019696482360505806,0.00022827821720639084,0.0,1.3464643137606946e-56
0.86,0.10272788281611289,0.07815892299270141,0.0,-3.842739749997422e-05,0.0007452608782552647,-0.0016639298636713235,0.011862744110519591,0.0,0.00041917923154153464,0.0004048851159992235,0.0,1.7679793275244566e-56
0.87,0.09428530674166885,0.07682746908115129,0.0,8.030248646907117e-06,0.006022355632265539,0.003727281833830129,0.00836046278906154,0.0,0.0006524282193477128,0.0005820662428105722,0.0,2.106285364610186e-56
0.88,0.0866001663055746,0.07576079687214192,0.0,6.598700974855894e-05,0.012384161928305257,0.010596445974760199,0.005076407768939559,0.0,0.0008733217636742049,0.0007398998066854845,0.0,2.301506086732783e-56
0.89,0.07958396826249133,0.07484934863956579,0.0,0.00013206563592862498,0.019545399418636603,0.01874884617343786,0.0021899682178262297,0.0,0.0010535446258632718,0.0008552526904777986,0.0,2.2935890874191242e-56
0.9,0.07314333928294736,0.07396480641432436,0.0,0.00020107277173167938,0.027095332142380246,0.027847536799512143,-0.0001759306402827487,0.0,0.0011617259252576723,0.000903532527384736,0.0,2.0289253912458815e-56
0.91,0.06719700484396314,0.07296408097044094,0.0,0.0002660864656463147,0.03451826493271537,0.03742384738290577,-0.0019574022432900817,0.0,0.001166183839160893,0.0008611038822026278,0.0,1.4680291911520565e-56
0.92,0.061686017564662014,0.07169615999082744,0.0,0.0003187589721078527,0.04123139612927766,0.04690558948009055,-0.003145746110816834,0.0,0.0010384917842195126,0.0007082935122460284,0.0,5.937096456941157e-57
0.93,0.05657650801510121,0.0700123386814842,0.0,0.0003498591848047571,0.04663944529184899,0.05566321498648297,-0.003778950441072338,0.0,0.0007577129386701208,0.0004328297393862623,0.0,-5.810404711140237e-57
0.94,0.05185629602323579,0.06777962232414482,0.0,0.00035005911346513226,0.050202743084704876,0.06307130717884907,-0.003930371703884804,0.0,0.0003150425796658719,3.347840953364504e-05,0.0,-2.0063909759124872e-56
0.95,0.0475269679378212,0.06489606614014765,0.0,0.00031094312437257294,0.0515120434857706,0.06857900352064347,-0.003696272985746647,0.0,-0.0002815074047857985,-0.00047643847278187705,0.0,-3.5913252368476664e-56
0.96,0.04359293748049896,0.06130560791157178,0.0,0.00022618853920569973,0.05035947237798099,0.07177852684851674,-0.003183638877176327,0.0,-0.0010028376910285897,-0.0010660151364426038,0.0,-5.202696905562691e-56
0.97,0.04004981266506883,0.057008988034833195,0.0,9.283381589379026e-05,0.046792109884422346,0.07245756891768496,-0.002499349562818366,0.0,-0.0017954212832006471,-0.0016846310340259182,0.0,-6.668710671558554e-56
0.98,0.036875214128314016,0.05206751110297135,0.0,-8.748104718789436e-05,0.04113553823909693,0.0706223308268421,-0.0017414369916739772,0.0,-0.002579427900017573,-0.0022611148498956173,0.0,-7.787627283488938e-56
0.99,0.03402461322254645,0.04659823847885138,0.0,-0.0003074442657682733,0.03398111068020311,0.06648583367387645,-0.0009927995152705755,0.0,-0.003248806751095911,-0.0027045463113050516,0.0,-8.34212775982291e-56
1.0,0.03143300824907135,0.04076188823557945,0.0,-0.0005533327423161444,0.026140083204191724,0.0604272515524617,-0.00031744635617876425,0.0,-0.0036737135683245787,-0.002906928345157052,0.0,-8.119260115400117e-56
1.01,0.02902162615852972,0.03474655145010061,0.0,-0.0008047686801677069,0.018574615036152372,0.052935455093126096,0.00024090208454185437,0.0,-0.0037054875946356987,-0.002747796350202121,0.0,-6.935251620406665e-56
1.02,0.026707880616843403,0.028750485123993967,0.0,-0.0010351251151322887,0.012317319985984013,0.04455028855356813,0.0006582088513487544,0.0,-0.003184135246597281,-0.002100616254555137,0.0,-4.663737143180873e-56
1.03,0.024416339885776735,0.02296627963646449,0.0,-0.001212699593399914,0.008389299288813098,0.03581068843133556,0.0009279680779493756,0.0,-0.0019479732959312678,-0.0008405737488524105,0.0,-1.2651861038505398e-56
1.04,0.022088527849633607,0.01756755274295269,0.0,-0.0013027187996182306,0.007724109592128528,0.027213493006415578,0.0010580070439379747,0.0,0.0001552477435882195,0.0011469007394519799,0.0,3.185417293668329e-56
1.05,0.019690096667661524,0.012698537781583523,0.0,-0.0012701576785491358,0.011103104492556568,0.019183142122762124,0.001066733254109445,0.0,0.0032567388598171328,0.003957755921940077,0.0,8.476182001407037e-56
1.06,0.017214710047850218,0.008466656163518499,0.0,-0.0010832571181871953,0.019106106451857115,0.012051239222941303,0.0009792648394765895,0.0,0.007455835947250133,0.007662128179234284,0.0,1.4245110549329957e-55
1.07,0.014684296589417101,0.004938210907143247,0.0,-0.0007175102034861057,0.032080190351505646,0.006045370046476026,0.0008238022672484578,0.0,0.01281129127900147,0.01229938271952976,0.0,1.998002301343319e-55
1.08,0.012145469815152177,0.002137363008313246,0.0,-0.00015976728368304223,0.050128186129369215,0.0012870112045805355,0.0006285041310242947,0.0,0.019335941652973365,0.017876241547888166,0.0,2.503513311564918e-55
1.09,0.009662455192447409,4.83640645862987e-05,0.0,0.0005880032986733136,0.07311704218527272,-0.0022020442619148676,0.0004190312816827301,0.0,0.02699560758574608,0.024368410507295137,0.0,2.8666902879434144e-55
1.1,0.007307727370523327,-0.0013793162321698554,0.0,0.001505854085015761,0.10070434048782034,-0.00448618461117714,0.00021683117481465525,0.0,0.03571242668849408,0.031725471282115614,0.0,3.0090366542308703e-55
1.11,0.005152130665027601,-0.002223652413888872,0.0,0.002554506096540076,0.13237928668981747,-0.005697518206940263,3.815492453445893e-05,0.0,0.0453720779280029,0.03987811415292311,0.0,2.8555161412499435e-55
1.12,0.003256180196842658,-0.002581405830647343,0.0,0.0036761118668749704,0.1675129376200607,-0.006014827101350913,-0.00010626256990114271,0.0,0.05583374683859731,0.04874626141174367,0.0,2.3438111111579825e-55
1.13,0.001663692646899738,-0.0025590912104008837,0.0,0.004797664499237166,0.20541171003454015,-0.005642205448242636,-0.00021097208236251253,0.0,0.06694137653874677,0.058246406818851355,0.0,1.4346522928563884e-55
1.14,0.000398238589568306,-0.002264427677295599,0.0,0.005837418105424336,0.24536844361021184,-0.00478930499023817,-0.00027516592097983966,0.0,0.07853475666524838,0.06829659643761146,0.0,1.2236055747374987e-56
1.15,-0.0005376284759351623,-0.001798958248776353,0.0,0.0067144191769380225,0.2867062864932727,-0.003654621926330785,-0.00030176415288222304,0.0,0.09045923557915841,0.07881785430731143,0.0,-1.5555126869720254e-55
1.16,-0.0011607713909165787,-0.0012522986132585971,0.0,0.007360876082831518,0.3288121435570811,-0.002412719413420268,-0.0002963682314282233,0.0,0.10257320238051203,0.08973144806274143,0.0,-3.510758489973961e-55
1.17,-0.0015041029242461705,-0.0006982443912746327,0.0,0.007736615759957585,0.3711581016990103,-0.0012057570532299949,-0.0002662016435589983,0.0,0.11475290015778868,0.10095213170102552,0.0,-5.600714952139442e-55
1.18,-0.0016121327638692923,-0.00019275427933773462,0.0,0.007844300866501414,0.41331090679723936,-0.00013924263899672918,-0.00021913300885873454,0.0,0.12689454788643875,0.11237833807352493,0.0,-7.629498873908562e-55
1.19,-0.0015360835921558915,0.0002263470770560854,0.0,0.0077434222983948885,0.45493106070037526,0.0007184369839728241,-0.00016284965121776947,0.0,0.1389141286445744,0.1238811727525095,0.0,-9.355476140943639e-55
1.2,-0.0013291421771353933,0.0005382281724421118,0.0,0.007560361567690858,0.4957643401788915,0.0013333958570127832,-0.00010422210473846227,0.0,0.15074552308112102,0.13529494245510282,0.0,-1.0505814944372232e-54
1.21,-0.0010422825282020293,0.0007368284125778588,0.0,0.0074911234175951994,0.5356294384047845,0.0017013646419508904,-4.887474793360003e-05,0.0,0.16233790871651102,0.14641274283630254,0.0,-1.0798406045672495e-54
1.22,-0.0007209533146207384,0.0008279389475192633,0.0,0.007793083681581283,0.5744057985047702,0.0018414011358081903,-9.565091032811505e-07,0.0,0.17365345019867995,0.1569909487357144,0.0,-9.970692676451e-55
1.23,-0.00040277936957054607,0.0008259583124368625,0.0,0.008763142406092248,0.6120251593486012,0.0017890052082990945,3.6910639697038095e-05,0.0,0.18466615808017603,0.16676550207479007,0.0,-7.814062897705377e-55
1.24,-0.00011630066337718394,0.0007506510935952385,0.0,0.010702540550137076,0.6484686661469768,0.0015893367843674239,6.353852599175552e-05,0.0,0.1953623327490336,0.17548020471403292,0.0,-4.211478371428308e-55
1.25,0.00011932974871850491,0.0006241737091383613,0.0,0.01387236075678185,0.6837691483212247,0.0012910854959585158,7.897373420842751e-05,0.0,0.20574238676426734,0.1829236713672063,0.0,8.249697118565257e-56
1.26,0.0002938403676477285,0.0004685566918887929,0.0,0.018446523342727936,0.7180163384703874,0.0009413730881745585,8.42325157555706e-05,0.0,0.2158233394101771,0.18896892554062222,0.0,7.120766365180245e-55
1.27,0.0004047237378870588,0.00030375646791764747,0.0,0.024469927807523696,0.7513619531039893,0.0005819030901117042,8.10068416087753e-05,0.0,0.2256410586912841,0.19360875163056782,0.0,1.4314779474831968e-54
1.28,0.00045571864986048647,0.00014631871446436876,0.0,0.03182870493388426,0.7840215159494242,0.00024642118405566354,7.137344380772973e-05,0.0,0.23525133895924855,0.19698046380209538,0.0,2.1849294389344946e-54
1.29,0.00045509773233084696,8.63513292530245e-06,0.0,0.04023806582302567,0.8162702482573172,-4.057576514818012e-05,5.7530692087143156e-05,0.0,0.24472904999818731,0.19937504739799425,0.0,2.897919911163217e-54
1.3,0.0004139425351736733,-0.00010127097142189789,0.0,0.049251223158056835,0.8484311654907961,-0.0002640382086039453,4.1580457941518065e-05,0.0,0.2541648425097416,0.20122743394011547,0.0,3.480443718885611e-54
1.31,0.0003445530722413346,-0.00017952629706120612,0.0,0.05829025028591984,0.8808547405227525,-0.00041768720661979937,2.536455087143935e-05,0.0,0.26365925543223445,0.20308704911558645,0.0,3.832836666130054e-54
1.32,0.00025909771961207134,-0.00022586900801255822,0.0,0.06669653142746211,0.9138911072159965,-0.0005027093266985995,1.0358505980445024e-05,0.0,0.2733145392807574,0.20557072693063846,0.0,3.854249515768792e-54
1.33,0.00016856728942913203,-0.00024290625216703146,0.0,0.07379524001072092,0.9478574572263457,-0.0005260719543005472,-2.380107030052072e-06,0.0,0.28322499302727716,0.20930305703491128,0.0,3.453525916496957e-54
1.34,8.205800062256925e-05,-0.00023527674471558095,0.0,0.07896650692138667,0.98300426519478,-0.0004986878530618065,-1.2215858214850688e-05,0.0,0.2934668911433758,0.2148508884136755,0.0,2.56192207255295e-54
1.35,6.374809407769958e-06,-0.00020881235208851788,0.0,0.0817165306662163,1.0194837550496398,-0.0004336222056147795,-1.8901798283839386e-05,0.0,0.30408900687360374,0.2226581913287329,0.0,1.1467500932165279e-54
1.36,-5.407911963078165e-05,-0.00016977260755254172,0.0,0.08174329388641714,1.0573233163026614,-0.00034449050353975143,-2.2518913414019856e-05,0.0,0.3151045278466491,0.2329861918796894,0.0,-7.753218364814815e-55
1.37,-9.717843228580326e-05,-0.00012420391930078928,0.0,0.07899083142093909,1.0964068241524723,-0.00024414738484332247,-2.3399679740108968e-05,0.0,0.3264852249560621,0.24586435008662375,0.0,-3.1268810354028275e-54
1.38,-0.00012277805021870008,-7.74532725726758e-05,0.0,0.0736826780033073,1.1364682011442335,-0.00014371975910759582,-2.2045771833310918e-05,0.0,0.33815913067546205,0.2610607734703099,0.0,-5.76207073452385e-54
1.39,-0.00013230514477516716,-3.3846340523663237e-05,0.0,0.06632297308738881,1.1771021938313502,-5.1996067578501004e-05,-1.904836485305969e-05,0.0,0.3500131641024247,0.2780825772882367,0.0,-8.464423544034752e-54
1.4,-0.00012829988309691353,3.476605057973539e-06,0.0,0.05765738318211696,1.2177950529787858,2.4850197983571365e-05,-1.5017458108545963e-05,0.0,0.3619014820857051,0.29621325367889406,0.0,-1.0951952636490548e-53
1.41,-0.00011395607345463211,3.258602587440701e-05,0.0,0.04859567731916413,1.2579729142391372,8.324924947462726e-05,-1.0524498660093266e-05,0.0,0.37365893496298547,0.31458521781646726,0.0,-1.2890882193761365e-53
1.42,-9.270197691790292e-05,5.267686127269582e-05,0.0,0.040108014121798916,1.2970611537644359,0.00012199791610883998,-6.060514467095789e-06,0.0,0.38511772405341027,0.33227640798945157,0.0,-1.3918810150722702e-53
1.43,-6.784948653204507e-05,6.39018765974204e-05,0.0,0.03311210339272671,1.3345462552394136,0.00014186528592964354,-2.010141661614297e-06,0.0,0.39612488554795494,0.3484152529404158,0.0,-1.36772618571029e-53
1.44,-4.232790724641575e-05,6.715624588454812e-05,0.0,0.028367629849908076,1.3700323441729951,0.00014510890543873025,1.3595421016727032e-06,0.0,0.4065584232446313,0.3622790295937192,0.0,-1.1852539645796262e-53
1.45,-1.8507721734003102e-05,6.384257373642118e-05,0.0,0.026390606107960582,1.4032858665312384,0.0001349628457309184,3.897532198330654e-06,0.0,0.41634029469322187,0.37337389954100286,0.0,-8.222558608404422e-54
1.46,1.8892918471353747e-06,5.5641091681225855e-05,0.0,0.02739625133400133,1.4342633635589508,0.00011514843345036951,5.557565408194951e-06,0.0,0.4254448673703175,0.38148852779303266,0.0,-2.706074785661293e-54
1.47,1.7804013957328827e-05,4.430407485029548e-05,0.0,0.0312754160360336,1.4631192354324767,8.944571099109424e-05,6.3800164672591426e-06,0.0,0.43390200003333207,0.38671653897294433,0.0,4.590517581237125e-54
1.48,2.8792872833353616e-05,3.148737184167255e-05,0.0,0.03760642828011585,1.4901925737980901,6.135031814166808e-05,6.4700397033880915e-06,0.0,0.4417945066097451,0.3894461229976423,0.0,1.3334666995538145e-53
1.49,3.493673037644004e-05,1.8625961000769747e-05,0.0,0.04570127096170598,1.5159738423074933,3.3827782607029224e-05,5.97466327612631e-06,0.0,0.44925021096350726,0.3903178521260974,0.0,2.2943920515123686e-53
1.5,3.6723066194262786e-05,6.855126874173347e-06,0.0,0.05468194275813933,1.5410533167940144,9.166140559442383e-06,5.061062586556867e-06,0.0,0.45642907894557644,0.390154405737366,0.0,3.2583553472893787e-53
1.51,3.49174359033429e-05,-3.025482712497806e-06,0.0,0.06357944615092274,1.5660547124649722,-1.1080997285049436e-05,3.897665287585111e-06,0.0,0.4635063000128113,0.389868891856422,0.0,4.119156939462192e-53
1.52,3.043773664208987e-05,-1.0550834946591874e-05,0.0,0.07144405756728994,1.591560123625272,-2.6075070978219365e-05,2.639142973352037e-06,0.0,0.47065292292100025,0.39036205816398484,0.0,4.753563628684823e-53
1.53,2.4241702123664544e-05,-1.5560427964319822e-05,0.0,0.07745238181011209,1.618035440661319,-3.5614716908066753e-05,1.4157812585189816e-06,0.0,0.47801648999359686,0.3924218896080779,0.0,5.030420483694548e-53
1.54,1.7234684947354394e-05,-1.8147920746317268e-05,0.0,0.08099664025771629,1.6457664852931368,-4.0018612446198325e-05,3.2723270113807707e-07,0.0,0.48570439910241664,0.3966393523572699,0.0,4.823086168231947e-53
1.55,1.0201513504801878e-05,-1.8599173894490437e-05,0.0,0.08174626301781937,1.6748138603530975,-3.9987583702407855e-05,-5.597275684241293e-07,0.0,0.4937720642033846,0.4033497793936044,0.0,4.0247027337021955e-53
1.56,3.7633009635548797e-06,-1.7326574050150805e-05,0.0,0.07967850031817422,1.7049905512554842,-3.6462430314756265e-05,-1.2100936240130818e-06,0.0,0.5022168158811329,0.4126031219129852,0.0,2.56536499168007e-53
1.57,-1.6422871044227954e-06,-1.480617550447416e-05,0.0,0.07507833557040339,1.7358636691619265,-3.0490816833115898e-05,-1.6169740033072603e-06,0.0,0.510977764099882,0.4241628327582858,0.0,4.2979293264129016e-54
1.58,-5.76053835752501e-06,-1.1522564506441337e-05,0.0,0.06850723353961795,1.766781210606628,-2.311296370228315e-05,-1.796248946905798e-06,0.0,0.5199417763574115,0.4375337034087119,0.0,-2.3263197823826824e-53
1.59,-8.503292160116752e-06,-7.92463853280223e-06,0.0,0.06073978613884926,1.7969240392391048,-1.5272167067603572e-05,-1.7803642968131495e-06,0.0,0.5289556439209058,0.4520193433074683,0.0,-5.5634513058895e-53
1.6,-9.921429819167851e-06,-4.3938623713106124e-06,0.0,0.05267163418013026,1.8253802097899436,-7.752728310970069e-06,-1.6119878821024224e-06,0.0,0.5378437564241121,0.46680603189370795,0.0,-9.051255303028828e-53
1.61,-1.0171013256936264e-05,-1.2251405111683809e-06,0.0,0.04520956300704779,1.8512340686665918,-1.144929225710651e-06,-1.338112740474961e-06,0.0,0.546429403614211,0.4810628277150015,0.0,-1.2469770917337874e-52
1.62,-9.477379006322189e-06,1.3806884417194133e-06,0.0,0.039159792805434177,1.8736591433149896,4.165601581665333e-06,-1.0050288191873456e-06,0.0,0.5545569793525134,0.49404320059905676,0.0,-1.5420905855616261e-52
1.63,-8.100762676449172e-06,3.3145365744115374e-06,0.0,0.03513033240922971,1.8920032136641343,7.988359080006701e-06,-6.544195998720615e-07,0.0,0.5621122935339742,0.5051736834869612,0.0,-1.7451673367131104e-52
1.64,-6.306139051523998e-06,4.549210578518604e-06,0.0,0.033459575318078104,1.905855414795633,1.0303367725653134e-05,-3.206873878622554e-07,0.0,0.5690386548957308,0.514118515695287,0.0,-1.808975622229589e-52
1.65,-4.3390261453297725e-06,5.1244724661194025e-06,0.0,0.03417881103567101,1.9150875702786787,1.122686189194465e-05,-2.9481522379523606e-08,0.0,0.5753469853791383,0.5208134619326027,0.0,-1.6890756037113387e-52
1.66,-2.4081097652049083e-06,5.1293998645501605e-06,0.0,0.037012160152972644,1.9198648434650984,1.097230191810068e-05,2.026960771272515e-07,0.0,0.5811188082527102,0.5254658688648636,0.0,-1.3495016927825739e-52
1.67,-6.747669802826831e-07,4.684160998432993e-06,0.0,0.04141365250822131,1.9206244050095636,9.811124745264762e-06,3.680013413838508e-07,0.0,0.5865015253090844,0.5285215195442989,0.0,-7.690283344307195e-53
1.68,7.510535664066676e-07,3.9229232596877365e-06,0.0,0.04663754487210343,1.9180251630455585,8.036720955080347e-06,4.6610425073321214e-07,0.0,0.5916960062999848,0.530602147670262,0.0,5.251989768785355e-54
1.69,1.8095783515693306e-06,2.979151391787835e-06,0.0,0.05183430539196704,1.912875985648439,5.934109082566191e-06,5.026292437896162e-07,0.0,0.5969371979827096,0.5324207668364558,0.0,1.0886025242267848e-52
1.7,2.485828756183369e-06,1.9740764000013025e-06,0.0,0.056160788301299835,1.9060529555571724,3.7567567743329266e-06,4.874042230344944e-07,0.0,0.6024692543685439,0.5346854250609487,0.0,2.2817435147246198e-52
1.71,2.801457726415435e-06,1.0086734743264773e-06,0.0,0.0588891000976387,1.898417107799862,1.7110661798417289e-06,4.327118257973408e-07,0.0,0.6085175766974491,0.5380055096932145,0.0,3.541614115963308e-52
1.72,2.8051065068329414e-06,1.5910846484040816e-07,0.0,0.05949597780968784,1.8907429220387821,-5.173935246293868e-08,3.516954595394053e-07,0.0,0.615260910140298,0.5428169777909772,0.0,4.746248584575697e-52
1.73,2.5624385626499175e-06,-5.246826057714149e-07,0.0,0.057716486214327276,1.8836651395267925,-1.4371824658097362e-06,2.5702679722360245e-07,0.0,0.6228067721605708,0.549340850589048,0.0,5.7470982019586715e-52
1.74,2.1467913364146826e-06,-1.0178197324245418e-06,0.0,0.05355461607803329,1.8776477280626507,-2.4038002046154754e-06,1.598959836309537e-07,0.0,0.6311726458195434,0.5575810701814844,0.0,6.378392046534906e-52
1.75,1.6311334574702463e-06,-1.3173625794936806e-06,0.0,0.04725549371710461,1.8729748213753097,-2.9555609922373904e-06,6.934462094624049e-08,0.0,0.6402740158740197,0.5673565350158509,0.0,6.4709205427824366e-52
1.76,1.081755319795815e-06,-1.437935348636203e-06,0.0,0.03925242675118123,1.869760356439472,-3.1319085460521843e-06,-8.072613752998226e-09,0.0,0.649919414922703,0.5783541989093092,0.0,5.869897931307833e-52
1.77,5.538787103990122e-07,-1.4067419279454408e-06,0.0,0.03010354938870783,1.8679715433514286,-2.996806148749919e-06,-6.833759390052376e-08,0.0,0.6598126118227975,0.5901886365333995,0.0,4.4560147494077996e-52
1.78,8.91639154406445e-08,-1.2585361663259963e-06,0.0,0.02042965583222452,1.867460965948453,-2.6279517191015274e-06,-1.0978627061900011e-07,0.0,0.6695625299844576,0.6024564084058222,0.0,2.1681988385303263e-52
1.79,-2.850688010939452e-07,-1.030996232090849e-06,0.0,0.010860443364096842,1.8680024816522804,-2.1070716243066574e-06,-1.3275902704888865e-07,0.0,0.6787018674725364,0.6147777083178305,0.0,-9.739836574788844e-53
1.8,-5.55197791656777e-07,-7.608213370846225e-07,0.0,0.0019925210992554738,1.8693268232074982,-1.5119147171099142e-06,-1.3914961723974954e-07,0.0,0.6867154209937151,0.6268216137506177,0.0,-4.85087071898577e-52
1.81,-7.195951554380636e-07,-4.807382428296976e-07,0.0,-0.005640458607716915,1.8711537341264701,-9.10287806511765e-07,-1.3191335113099232e-07,0.0,0.6930787228137367,0.6383144539822013,0.0,-9.229139905727685e-52
1.82,-7.862325657692575e-07,-2.174854525532634e-07,0.0,-0.011587269644469267,1.8732184721463854,-3.5622290694792723e-07,-1.1458587157428674e-07,0.0,0.697306789055628,0.6490333001600634,0.0,-1.375722340468334e-51
1.83,-7.699531583834241e-07,9.25705943255814e-09,0.0,-0.015491075822691804,1.8752914886902774,1.1183910359898728e-07,-9.085205125175174e-08,0.0,0.6990115996375834,0.6587883413492863,0.0,-1.7972620277004745e-51
1.84,-6.897189158815372e-07,1.871006332682439e-07,0.0,-0.017097106175753368,1.8771909591637712,4.711158928343542e-07,-6.419178982952049e-08,0.0,0.6979654824651551,0.6673989476929382,0.0,-2.132348533432007e-51
1.85,-5.660796828243278e-07,3.1050145530061545e-07,0.0,-0.01625885485238586,1.878788546645001,7.131661494205408e-07,-3.761713554956386e-08,0.0,0.6941660036888091,0.6746685717095371,0.0,-2.3205927390262273e-51
1.86,-4.1903848776309674e-07,3.7981854381872916e-07,0.0,-0.012944647145845641,1.8800093027258367,8.415953680341574e-07,-1.3504195748131424e-08,0.0,0.687896461481734,0.6803633608523817,0.0,-2.3017089961803346e-51
1.87,-2.664162135771727e-07,4.000636582402415e-07,0.0,-0.007245071581181429,1.8808269385148613,8.691923393660782e-07,6.48559566966327e-09,0.0,0.6797748654387311,0.6841985295721987,0.0,-2.0222355005006753e-51
1.88,-1.2275315367168994e-07,3.795169302913797e-07,0.0,0.0006197118487231422,1.8812558485083637,8.148674095687511e-07,2.1406778416325283e-08,0.0,0.6707835964979242,0.6858352686165063,0.0,-1.4432997292146688e-51
1.89,1.2699439541758318e-09,3.2835584480623653e-07,0.0,0.010295179125307322,1.8813412655417403,7.007024456444349e-07,3.0969694686034444e-08,0.0,0.662272016653319,0.6848893763495648,0.0,-5.488471807214221e-52
1.9,9.895053645094842e-08,2.574115433032489e-07,0.0,0.02129363253079079,1.881148799742652,5.493471134160359e-07,3.543656789272599e-08,0.0,0.655925333554141,0.6809510295392832,0.0,6.464558266553064e-52
1.91,1.673096143125038e-07,1.7712992862092743e-07,0.0,0.03300536111706522,1.8807544051337837,3.819161407560585e-07,3.5491384174543275e-08,0.0,0.6536951567839233,0.6736133464133779,0.0,2.0906100545135598e-51
1.92,2.0656494918854212e-07,9.677965201298895e-08,0.0,0.044723517188276954,1.8802355605833667,2.1646567149572386e-07,3.209948179068639e-08,0.0,0.6576904448636127,0.6625058433031067,0.0,3.6900421917150466e-51
1.93,2.194359144371114e-07,2.3917794982755455e-08,0.0,0.05568528140393777,1.8796641799177105,6.705960518295032e-08,2.637011457195091e-08,0.0,0.6700318359306207,0.647327795262186,0.0,5.3088414435507737e-51
1.94,2.103763522863948e-07,-3.5901047789789465e-08,0.0,0.06512966170227588,1.879101506269705,-5.66171311248244e-08,1.943209969613765e-08,0.0,0.692677417845332,0.627876166757164,0.0,6.772491451879597e-51
1.95,1.8481785591708457e-07,-7.920446450891345e-08,0.0,0.0723689266262538,1.8785950183928906,-1.4918020287400923e-07,1.2329405909867751e-08,0.0,0.7272333753872277,0.6040635049011672,0.0,7.876889034793719e-51
1.96,1.4848750258589882e-07,-1.0451337699937581e-07,0.0,0.07686621621871083,1.8781771948287873,-2.091076113490202e-07,5.940520260989696e-09,0.0,0.7747680040015187,0.5759233430485803,0.0,8.403066619316326e-51
1.97,1.0684401374308053e-07,-1.1213099069617146e-07,0.0,0.07830668050850131,1.8778658518081401,-2.3805603730304536e-07,9.228836839294849e-10,0.0,0.8356514102675349,0.5436043593362964,0.0,8.137513862860073e-51
1.98,6.465665138071759e-08,-1.0385384820251322e-07,0.0,0.07664551932286465,1.8776656930374411,-2.4004353111618356e-07,-2.318261362923408e-09,0.0,0.9094445386780607,0.50735853627251,0.0,6.897344333149047e-51
1.99,2.573352486583148e-08,-8.264301817941516e-08,0.0,0.07211766009665058,1.877570679835941,-2.2059836076791857e-07,-3.6385820433460676e-09,0.0,0.9948582305611785,0.46752973019740446,0.0,4.5588129601680855e-51
2.0,-7.208506827316203e-09,-5.2284593040099765e-08,0.0,0.06520317735935224,1.8775668408973742,-1.8595568118885532e-07,-3.1436277090327353e-09,0.0,1.0897944439715905,0.424545466707032,0.0,1.0869171729839465e-51
2.01,-3.2550893329868094e-08,-1.705886856772567e-08,0.0,0.05655599767636561,1.8776351827581284,-1.4236223062882794e-07,-1.161030382145541e-09,0.0,1.1914684438060774,0.3789096897150127,0.0,-3.436913774734329e-51
2.02,-4.9682812297568467e-08,1.857167006767847e-08,0.0,0.046912804866557405,1.8777544246601567,-9.552706998274682e-08,1.8011500325255107e-09,0.0,1.2965972024891235,0.3311928766535774,0.0,-8.792628032314332e-51
2.03,-5.884152479950236e-08,5.025290107779773e-08,0.0,0.03700041451163497,1.8779033550431048,-5.0235556705076517e-08,5.107212189581211e-09,0.0,1.401631236403372,0.282018683080334,0.0,-1.4608797328173504e-50
2.04,-6.091224321922852e-08,7.401031688523647e-08,0.0,0.027455857699105652,1.87806268265833,-1.0125820103835676e-08,8.055182450634184e-09,0.0,1.5030065109735473,0.2320492484525893,0.0,-2.036324724629821e-50
2.05,-5.721358866456724e-08,8.65048166310713e-08,0.0,0.018768082789137792,1.8782163261959681,2.2387064745070348e-08,9.944240981647911e-09,0.0,1.5973956964983231,0.18197293733059686,0.0,-2.5400591666673844e-50
2.06,-4.929046194151293e-08,8.52753872719999e-08,0.0,0.011245458677823906,1.878352147206648,4.606380529351689e-08,1.0145464068044387e-08,0.0,1.6819385923988202,0.13250003943865776,0.0,-2.896925900613048e-50
2.07,-3.8730889000730684e-08,6.896670490511596e-08,0.0,0.00500948021043671,1.8784621787983975,6.070069519009549e-08,8.172660398663988e-09,0.0,1.7544299234116703,0.0843736731887397,0.0,-3.0279128096073034e-50
2.08,-2.701780278601095e-08,3.753329352196123e-08,0.0,1.2212843646948692e-05,1.8785424357381326,6.692841904858357e-08,3.749367074124534e-09,0.0,1.813444049852435,0.03840202174136084,0.0,-2.8578903390528877e-50
2.09,-1.5421349669726394e-08,-7.5955418083603e-09,0.0,-0.0039270001640796205,1.8785924103813572,6.598037130627537e-08,-3.132771317250397e-09,0.0,1.8583840337150144,-0.0044876999429735364,0.0,-2.3249934390048677e-50
2.1,-4.932582749530868e-09,-6.341295615565292e-08,0.0,-0.0070713089041611644,1.8786143646930147,5.9457217253574355e-08,-1.2169833252568501e-08,0.0,1.889454717861986,-0.043181635751978274,0.0,-1.3910474757467836e-50
2.11,3.764397378070066e-09,-1.253224431892091e-07,0.0,-0.009708975645541159,1.8786125237295337,4.910910026307269e-08,-2.2721843352792948e-08,0.0,1.9075707649655822,-0.07631366531195329,0.0,-5.216070368022842e-52
2.12,1.0287534195826442e-08,-1.8724728973948454e-07,0.0,-0.012095316081991063,1.87859226300071,3.665082762148323e-08,-3.381571345450893e-08,0.0,1.9142176449385657,-0.10222147085132151,0.0,1.6516479505278552e-50
2.13,1.4526483228354296e-08,-2.4189075138943587e-07,0.0,-0.014400119269560224,1.8785593639131424,2.3619237765003055e-08,-4.418070369813887e-08,0.0,1.9112860718486462,-0.1189439776277043,0.0,3.629113380717257e-50
2.14,1.6594870797679423e-08,-2.811691031222947e-07,0.0,-0.016666038235495426,1.8785193906564543,1.1276312957593198e-08,-5.232083078982303e-08,0.0,1.9008995122077814,-0.12427604872764986,0.0,5.734110283549761e-50
2.15,1.6772986515157355e-08,-2.9682705795417204e-07,0.0,-0.01878248763269765,1.878477220722684,5.568433103600158e-10,-5.6626303268712296e-08,0.0,1.8852514119293746,-0.11588932195512285,0.0,7.767160060783383e-50
2.16,1.5447932643126228e-08,-2.812268308191899e-07,0.0,-0.020478371626604364,1.8784367415697434,-7.944199226761679e-09,-5.552271767951211e-08,0.0,1.8664647343222318,-0.09151865364587328,0.0,9.483264943233388e-50
2.17,1.3056994532178104e-08,-2.282791658818437e-07,0.0,-0.02133551500714059,1.8784007090492612,-1.3951870347699769e-08,-4.7652500275565437e-08,0.0,1.8464818534855327,-0.04920273504641262,0.0,1.060689678855965e-49
2.18,1.0038501549142184e-08,-1.3445851153300236e-07,0.0,-0.020823002087235212,1.8783707498980011,-1.7467634821926127e-08,-3.2078161939697736e-08,0.0,1.8269880968801295,0.012443763824870708,0.0,1.0854395676424255e-49
2.19,6.792897945717408e-09,1.8245468197147708e-10,0.0,-0.01835077192974169,1.8783474811573968,-1.871077768331146e-08,-8.491733372433316e-09,0.0,1.8093676460814028,0.09395930778616801,0.0,9.963279256985113e-50
2.2,3.6552850028041094e-09,1.7110857020134969e-07,0.0,-0.013338831599542657,1.8783307137754388,-1.8053139981934995e-08,2.2590211163171918e-08,0.0,1.794686710154787,0.19480613306969746,0.0,7.727062751253778e-50
2.21,8.794370924827151e-10,3.6863695367918083e-07,0.0,-0.005296427206091396,1.8783197055184715,-1.5954303888176467e-08,5.967060694287039e-08,0.0,1.7836965049008908,0.31322573265197595,0.0,4.0332021851164585e-50
2.22,-1.3676979394667333e-09,5.776492080028623e-07,0.0,0.00609640024950784,1.878313429160888,-1.2902805709407905e-08,1.0018216497892802e-07,0.0,1.776847903567796,0.44621928071830275,0.0,-1.0992136675367589e-50
2.23,-3.0027002344274457e-09,7.778159711136018e-07,0.0,0.020914053496189265,1.8783108251298186,-9.367247856874484e-09,1.4049112541323165e-07,0.0,1.7743106201100205,0.589681647186957,0.0,-7.486274412930311e-50
2.24,-4.015671380951208e-09,9.444488856863445e-07,0.0,0.03892764283916532,1.878311012756088,-5.759495566266198e-09,1.7601891406260382e-07,0.0,1.7759921781703203,0.7386961690380162,0.0,-1.4755454568348566e-49
2.25,-4.455749650908728e-09,1.0500567173018308e-06,0.0,0.05957471249407042,1.8783134404675828,-2.4106240336320385e-09,2.0149976079447267e-07,0.0,1.7815552463530637,0.8879649376971871,0.0,-2.233637707168987e-49
2.26,-4.4142974251230935e-09,1.0666248483181767e-06,0.0,0.0819659127940669,1.87831796218182,4.409752721415009e-10,2.113822378284084e-07,0.0,1.79043540552542,1.0323101339178549,0.0,-2.9471063796267683e-49
2.27,-4.007667646858005e-09,9.685620234505223e-07,0.0,0.1049356699007931,1.8783248344228065,2.650859670414924e-09,2.003689433889418e-07,0.0,1.801863981064058,1.1671505203830561,0.0,-3.524776213205082e-49
2.28,-3.3611055200543124e-09,7.361686797844234e-07,0.0,0.12713970345203124,1.8783346359895938,4.161308923011448e-09,1.6407174036053865e-07,0.0,1.8149012665310038,1.2888548174930214,0.0,-3.866091620819187e-49
2.29,-2.594937817110181e-09,3.593836733882226e-07,0.0,0.14719603645607043,1.8783481190750448,4.988035977457955e-09,9.974110306045324e-08,0.0,1.8284839415451128,1.3949101723647104,0.0,-3.86976378527255e-49
2.3,-1.8137913203820043e-09,-1.5853052144515315e-07,0.0,0.16385778014115418,1.8783660073230366,5.203280387087878e-09,7.0087792411391e-09,0.0,1.8414870437063056,1.483903790913281,0.0,-3.444818576113193e-49
2.31,-1.0992001272546486e-09,-7.977890023040822e-07,0.0,0.17619541725202467,1.8783887621522237,4.917529397316551e-09,-1.1143483755948807e-07,0.0,1.8527963953185442,1.5553677684789113,0.0,-2.523462776510907e-49
2.32,-5.056335101176163e-10,-1.5198573761672784e-06,0.0,0.18375441608564363,1.8784163434520207,4.261756999462778e-09,-2.493211114858014e-07,0.0,1.8613837497058838,1.6095597705084588,0.0,-1.074828001741025e-49
2.33,-5.971533002150859e-11,-2.2667045503468537e-06,0.0,0.18664570006504477,1.8784479941024834,3.371626113838513e-09,-3.9654117727906597e-07,0.0,1.8663761321308574,1.6472475626282537,0.0,8.81698049435226e-50
2.34,2.3778361263213465e-10,-2.9620158134090723e-06,0.0,0.18553229602435564,1.8784820792644543,2.374621568493522e-09,-5.392396346606525e-07,0.0,1.8671127971292618,1.6695459003949147,0.0,3.2651436714204105e-49
2.35,4.077215688556323e-10,-3.5147580988192486e-06,0.0,0.18150206393899948,1.8785160105862706,1.380620329957001e-09,-6.603488719615447e-07,0.0,1.8631854765408737,1.6778263228565597,0.0,5.92542348259555e-49
2.36,4.867367109178344e-10,-3.825333413479296e-06,0.0,0.17585320794742562,1.878546281959835,4.759974454180893e-10,-7.40622884727139e-07,0.0,1.8544587137597093,1.6736898408490055,0.0,8.641461727978898e-49
2.37,5.203997070067657e-10,-3.7943323890713184e-06,0.0,0.16984471543212448,1.8785686369051318,-2.789641683970523e-10,-7.601898321671993e-07,0.0,1.8410681532444608,1.6589717286416505,0.0,1.1126693199171796e-48
2.38,5.559830588322155e-10,-3.3336143958811014e-06,0.0,0.16446733919365203,1.8785783779140195,-8.498321186077968e-10,-7.005901759455905e-07,0.0,1.823396765403138,1.6357438630075625,0.0,1.304330999360889e-48
2.39,6.354298069926846e-10,-2.379108871031523e-06,0.0,0.16027878563983053,1.878570815245043,-1.2255711910094297e-09,-5.47204462016427e-07,0.0,1.8020315362633657,1.6062879987002878,0.0,1.402601841445125e-48
2.4,7.890593966785681e-10,-9.043789005280059e-07,0.0,0.15732977599553485,1.878541837172832,-1.414560804281663e-09,-2.919058221527844e-07,0.0,1.7777051233867567,1.573024629959556,0.0,1.3715219552372828e-48
2.41,1.0304957429211585e-09,1.0663539203577852e-06,0.0,0.15519038107837557,1.8784885664004984,-1.4397553040202038e-09,6.429691576290665e-08,0.0,1.7512281178696125,1.5383932469281114,0.0,1.179845772820221e-48
2.42,1.3532421580403184e-09,3.447313644564082e-06,0.0,0.15306925508101796,1.8784100495147351,-1.3335920324699078e-09,5.089213824310197e-07,0.0,1.7234181171386787,1.5046909177182963,0.0,8.05775309035699e-49
2.43,1.7292564897335332e-09,6.084183805469837e-06,0.0,0.1500020372233596,1.878307909693511,-1.133146244604391e-09,1.0163204482950895e-06,0.0,1.6950321234866659,1.4738877910968171,0.0,2.4191420463237903e-49
2.44,2.1097916763320728e-09,8.752855296062856e-06,0.0,0.14506982090298562,1.8781868794100902,-8.759047801120211e-10,1.5469987879447186e-06,0.0,1.6667090067594175,1.4474500350087107,0.0,-5.0004819996251976e-49
2.45,2.428655018817108e-09,1.1165585545064471e-05,0.0,0.13759805517988669,1.8780551218837436,-5.963975790499328e-10,2.04828339645214e-06,0.0,1.638928570652666,1.4262092106296753,0.0,-1.385515177566342e-48
2.46,2.6078976530629755e-09,1.2985873424181467e-05,0.0,0.12728899700854165,1.8779242498097302,-3.238004702278862e-10,2.45663678732701e-06,0.0,1.6119921279730751,1.4103137787552498,0.0,-2.3546788980287515e-48
2.47,2.5657705882604064e-09,1.3852736663649229e-05,0.0,0.11426216003271815,1.877808959546601,-8.051365033022816e-11,2.701796700718333e-06,0.0,1.5860257705618936,1.3992779890532738,0.0,-3.3223975974606054e-48
2.48,2.22657647756857e-09,1.3414218954687569e-05,0.0,0.09900818517893026,1.8777262200262732,1.1836607031316434e-10,2.712772701532978e-06,0.0,1.561002901902223,1.3921142985322168,0.0,-4.1808522505775504e-48
2.49,1.531814363816748e-09,1.1368882914994295e-05,0.0,0.08228423528941478,1.8776939889339461,2.6482208906212466e-10,2.4255320630731543e-06,0.0,1.5367794345741732,1.3875150050297256,0.0,-4.8054333648672927e-48
2.5,4.5177246551467023e-10,7.51282488478052e-06,0.0,0.06498455061477419,1.8777294737951384,3.5712225762054485e-10,1.7919748461190528e-06,0.0,1.513134455120562,1.3840453547846545,0.0,-5.0640707928811685e-48
2.51,-1.0035065827626075e-09,1.7884735506523027e-06,0.0,0.048013627649906875,1.87784701071354,3.9864131079111225e-10,7.895476512535342e-07,0.0,1.4898103307866244,1.3803184433340356,0.0,-4.8298943372544466e-48
2.52,-2.7751543894669696e-09,-5.669766324697051e-06,0.0,0.03218023960528217,1.8780556952428415,3.9648531257175223e-10,-5.693998682446389e-07,0.0,1.4665479515385558,1.3751331376718254,0.0,-3.996713052286886e-48
2.53,-4.749683450181383e-09,-1.4498938310795592e-05,0.0,0.018122232911991606,1.8783569632180046,3.60080405209601e-10,-2.2296234000280135e-06,0.0,1.4431144581629483,1.3675659290972995,0.0,-2.4963508677374025e-48
2.54,-6.757865456610549e-09,-2.4086519566600524e-05,0.0,0.0062654163281977825,1.8787423777518446,2.998569492229858e-10,-4.087610528417096e-06,0.0,1.4193222456719867,1.3570153111168934,0.0,-3.164119417580152e-49
2.55,-8.579543192007595e-09,-3.357147378129472e-05,0.0,-0.0031851173062152106,1.8791919242359154,2.2612406814279998e-10,-5.990124221006853e-06,0.0,1.3950392036664945,1.3432029595121908,0.0,2.4833812133720776e-48
2.56,-9.955338111408486e-09,-4.187317421549791e-05,0.0,-0.010226331087299536,1.8796731395986277,1.4819284986164172e-10,-7.737875558461083e-06,0.0,1.3701910396854664,1.3261397805131114,0.0,5.758473438921112e-48
2.57,-1.0605732676667553e-08,-4.7752461784914784e-05,0.0,-0.01501839236980498,1.8801413968638585,7.377237025725891e-11,-9.095293796185885e-06,0.0,1.34475712888885,1.3060669864392724,0.0,9.272769975028328e-48
2.58,-1.0257341775007292e-08,-4.990667985515612e-05,0.0,-0.017833647486146735,1.880541623831508,8.633711885424474e-12,-9.806944654550325e-06,0.0,1.3187616638932849,1.2833830164719053,0.0,1.2700292772784821e-47
2.59,-8.675363702872434e-09,-4.709724980387069e-05,0.0,-0.019001356177270175,1.8808116501843675,-4.3485288447212016e-11,-9.620557499380312e-06,0.0,1.2922619767073513,1.2585666360624312,0.0,1.5637259486739968e-47
2.6,-5.7002652201734106e-09,-3.830435420991053e-05,0.0,-0.018855306110013775,1.8808872484819328,-8.077713654089129e-11,-8.31587791509554e-06,0.0,1.2653358139758604,1.23210522003499,0.0,1.7626039885264751e-47
2.61,-1.285779761827204e-09,-2.289882855167635e-05,0.0,-0.01769010355535614,1.8807087636428985,-1.0311453915446496e-10,-5.737705427107441e-06,0.0,1.238069114558654,1.2044353333843663,0.0,1.819151604903412e-47
2.62,4.465619778419633e-09,-8.16797676554312e-07,0.0,-0.015730295174672553,1.8802290201969898,-1.117060636186809e-10,-1.8305717272256885e-06,0.0,1.210545511859757,1.175900519740591,0.0,1.6889136908580088e-47
2.63,1.127435481967415e-08,2.728158956190015e-05,0.0,-0.013114684151849708,1.8794219701523502,-1.0870766992124023e-10,3.3283496627549083e-06,0.0,1.1828384055962973,1.1467288993804141,0.0,1.3362469126799504e-47
2.64,1.8667500113911983e-08,5.989120830731066e-05,0.0,-0.009896398298537338,1.8782913159767909,-9.683346305458518e-11,9.50222907101109e-06,0.0,1.1550060562727653,1.1170309326064396,0.0,7.40640252356985e-48
2.65,2.5979688179397345e-08,9.460234101030596e-05,0.0,-0.006057558102932924,1.8768781373961652,-7.899991746924105e-11,1.6278040431877622e-05,0.0,1.127089780978687,1.0868156469908061,0.0,-9.694899916770671e-49
2.66,3.237562665304756e-08,0.0001281254533288695,0.0,-0.0015358676485681551,1.8752663958721107,-5.80276545592623e-11,2.3065138529593152e-05,0.0,1.0991149947115466,1.0560218531559116,0.0,-1.148443044725694e-47
2.67,3.6897501038970246e-08,0.00015642023069358587,0.0,0.003740814477883225,1.873585116938628,-3.641472538315882e-11,2.9113163431523215e-05,0.0,1.07109456436487,1.02455945594399,0.0,-2.3544860745473643e-47
2.68,3.853865738265287e-08,0.00017494249175599425,0.0,0.009816805891021508,1.8720060871504371,-1.618614145848169e-11,3.355246411211705e-05,0.0,1.0430337347831438,0.9923549663263147,0.0,-3.6226439197129167e-47
2.69,3.6342423032647384e-08,0.00017901315265947239,0.0,0.01667325884229733,1.8707360736461254,1.1832823411507519e-12,3.545858783303585e-05,0.0,1.0149357560741308,0.9593947911172331,0.0,-4.828792995046867e-47
2.7,2.9521833188745524e-08,0.00016430097549923858,0.0,0.0242006527116469,1.8700028959864734,1.4781508966089128e-11,3.3940122875440254e-05,0.0,0.9868072944590021,0.9257598820504224,0.0,-5.822399804819141e-47
2.71,1.759258037990801e-08,0.00012739597202410922,0.0,0.03218416896714092,1.8700351549137255,2.421983208045928e-11,2.824639583525396e-05,0.0,0.958662749747033,0.8916459277539244,0.0,-6.436148476668069e-47
2.72,5.079795656054207e-10,6.643404973157869e-05,0.0,0.04030592604968648,1.8710360373097086,2.955585798694421e-11,1.7888378664624635e-05,0.0,0.9305267347607982,0.857364539982674,0.0,-6.500013798719083e-47
2.73,-2.1218485450520778e-08,-1.828279152577176e-05,0.0,0.048166297231193,1.8731523376854375,3.119361660996865e-11,2.762907694474195e-06,0.0,0.9024341989081637,0.823322885876669,0.0,-5.859409862552404e-47
2.74,-4.641996010056946e-08,-0.00012374086955926512,0.0,0.055324038659180674,1.8764406097307398,2.9774407950750535e-11,-1.673271057034874e-05,0.0,0.8744280019990247,0.7899820079373251,0.0,-4.396492742702264e-47
2.75,-7.323056939211716e-08,-0.0002438245517141986,0.0,0.06135168103678354,1.8808331119450896,2.6069937859047916e-11,-3.961103738580273e-05,0.0,0.84655416629594,0.7577976901485389,0.0,-2.0530983038901426e-47
2.76,-9.910513373027711e-08,-0.0003691664526079326,0.0,0.0658985802727586,1.8861068467852338,2.08866665639426e-11,-6.424646296524673e-05,0.0,0.8188555533405435,0.7271521801675315,0.0,1.1467927155224038e-47
2.77,-1.209195862494925e-07,-0.00048731940201115017,0.0,0.06874949126018913,1.8918594091756467,1.498743596519164e-11,-8.838532970354451e-05,0.0,0.7913652899006451,0.6982900284700764,0.0,5.077683107497764e-47
2.78,-1.351625839450382e-07,-0.0005833175815354037,0.0,0.06986328103105155,1.8974954513037032,9.033653485723455e-12,-0.00010922874084372681,0.0,0.764101698492284,0.6712748484104425,0.0,9.499261396076152e-47
2.79,-1.3822149731363765e-07,-0.0006406690921151581,0.0,0.06937819448964119,1.9022272398990006,3.5488188354472317e-12,-0.00012359840763474447,0.0,0.73706633174233,0.6459818457712779,0.0,1.40522832761256e-46
2.8,-1.2675634194779503e-07,-0.000642785611055891,0.0,0.06757931388749602,1.9050919581250105,-1.0978610905249322e-12,-0.00012818944544968602,0.0,0.7102456869038881,0.6221309203045552,0.0,1.8266551669825402e-46
2.81,-9.814372791576673e-08,-0.0005748076956202848,0.0,0.06483673190238133,1.90498705727849,-4.690532693303222e-12,-0.00011990541704049061,0.0,0.6836157298885227,0.5993511288216429,0.0,2.15833547210013e-46
2.82,-5.096032336844003e-08,-0.00042572907412021226,0.0,0.06153177537923419,1.900723124385748,-7.152152635724249e-12,-9.62605083921743e-05,0.0,0.6571473897756903,0.5772577247087032,0.0,2.3393748840809336e-46
2.83,1.453723876619037e-08,-0.00019066384824462007,0.0,0.05798958498270309,1.8910915092505258,-8.52050139131825e-12,-5.5822175569554014e-05,0.0,0.6308111357410705,0.5555219799547424,0.0,2.3092686944862718e-46
2.84,9.599023957147718e-08,0.00012695767481241273,0.0,0.05443184922345348,1.8749415513378647,-8.918903813222022e-12,1.3441127592201415e-06,0.0,0.6045793354419969,0.5339189661120596,0.0,2.0147233003350167e-46
2.85,1.8863589735859399e-07,0.0005135290846695462,0.0,0.05095725850580844,1.8512599723835208,-8.525441977965958e-12,7.32770509158828e-05,0.0,0.5784258709649718,0.5123453326515499,0.0,1.417506844556373e-46
2.86,2.851912829825958e-07,0.0009440432249017387,0.0,0.04755103473804389,1.8192433139149893,-7.543828084632988e-12,0.00015582571651073514,0.0,0.5523232425150085,0.49080596350579275,0.0,5.027335616293415e-47
2.87,3.759858738861381e-07,0.0013818134678543331,0.0,0.044119019297772136,1.7783539528918293,-6.178337644242834e-12,0.00024252099670825781,0.0,0.5262380756374853,0.4693748636185336,0.0,-7.132215260916906e-47
2.88,4.4939472183818357e-07,0.0017794321368521408,0.0,0.04053645513450066,1.728352226509654,-4.61437829833791e-12,0.00032467183065319055,0.0,0.5001265350025893,0.448141508006887,0.0,-2.176155363967033e-46
2.89,4.926047784789831e-07,0.002081201226819309,0.0,0.03669783211906938,1.6693018453976791,-3.0054648891088384e-12,0.0003917374601480135,0.0,0.4739315088728938,0.42715799558115597,0.0,-3.789907564819038e-46
2.9,4.92718667116539e-07,0.002227174532596184,0.0,0.03255425925132063,1.6015514420290622,-1.4666462248992024e-12,0.00043201074586180584,0.0,0.44758329766609745,0.406402148734242,0.0,-5.415781400452229e-46
2.91,4.381638784039657e-07,0.002158814585392188,0.0,0.02813019192210305,1.525699042940116,-7.382393468807494e-14,0.00043362354932338567,0.0,0.4210047561732901,0.38576561783489777,0.0,-6.876531662804948e-46
2.92,3.203328719257547e-07,0.0018260972723489017,0.0,0.02351953518626764,1.4425472952800846,1.1320580048676332e-12,0.0003858538382550909,0.0,0.39412068810049816,0.3650667948181221,0.0,-7.965701658862378e-46
2.93,1.3533394400723273e-07,0.0011957017594199013,0.0,0.01886727457428907,1.3530565290875043,2.1372848202226445e-12,0.00028067717993112003,0.0,0.366870347154151,0.34408134230652127,0.0,-8.462707596309887e-46
2.94,-1.1431179959994148e-07,0.000259718951217694,0.0,0.014344422917556708,1.2583014890964965,2.9455974984610313e-12,0.00011446536541198746,0.0,0.3392214588767055,0.32258111294721226,0.0,-8.153537394488146e-46
2.95,-4.1823021146883886e-07,-0.0009558809714046845,0.0,0.010122640154574744,1.1594359905876146,3.56789369376881e-12,-0.00011030414922440961,0.0,0.31118410362375043,0.30037360481569286,0.0,-6.856272003524669e-46
2.96,-7.572393632938928e-07,-0.0023839373065154524,0.0,0.006352677377263205,1.0576676545591508,4.012827241880596e-12,-0.0003834977627285197,0.0,0.28282286076731217,0.27733635207386426,0.0,-4.449889526193238e-46
2.97,-1.1031165138673026e-06,-0.003910950767361795,0.0,0.0031488704988391508,0.9542424660477272,4.279533554582287e-12,-0.0006861264854570456,0.0,0.2542657202390953,0.25344264605800165,0.0,-9.04034999156709e-47
2.98,-1.4193062380306938e-06,-0.005375105023067715,0.0,0.0005804249636673885,0.8504366271994821,4.353428479834996e-12,-0.0009896961655297082,0.0,0.2257084350880432,0.228776573332635,0.0,3.693290042786008e-46
2.99,-1.6627435517654835e-06,-0.006568347565992518,0.0,-0.0013308377473956624,0.7475514499160302,4.205684833228331e-12,-0.0012562896585690871,0.0,0.1974132507204004,0.20353660726599623,0.0,9.113750159437365e-46
3.0,-1.7868887153031768e-06,-0.00724316973042841,0.0,-0.002607300799209128,0.6469061362364856,3.796602564070003e-12,-0.001439521910001015,0.0,0.16970132818005812,0.1780279713096693,0.0,1.4976382758766437e-45
3.01,-1.74596181479066e-06,-0.007124337306872634,0.0,-0.003308350722693,0.5498233865763364,3.0826747361336355e-12,-0.0014864396186786602,0.0,0.14293869185369437,0.15264477932844445,0.0,2.07489513421916e-45
3.02,-1.5002288378055583e-06,-0.005925307216355837,0.0,-0.0035206888339811625,0.4576038855190749,2.026733024095945e-12,-0.001340340882529761,0.0,0.11751616804964927,0.12784361582204606,0.0,2.5766455426215237e-45
3.03,-1.022034451825572e-06,-0.0033684534095072783,0.0,-0.0033476180597459917,0.3714877391724931,6.101566854857907e-13,-0.0009443715627051254,0.0,0.09382450563601342,0.10411079187864845,0.0,2.92693442154074e-45
3.04,-3.0211204509552113e-07,0.0007924282723832003,0.0,-0.0028985608572395403,0.29260364127277544,-1.154225270313025e-12,-0.00024562312489654405,0.0,0.07222661755660238,0.08192601693123182,0.0,3.046247689212507e-45
3.05,6.444551095242918e-07,0.00674947962789054,0.0,-0.0022797774381535683,0.2219095590348699,-3.2101875442455394e-12,0.0008006744044013652,0.0,0.0530295514192874,0.06172563997413465,0.0,2.8593848928894144e-45
3.06,1.773376926606001e-06,0.014620611604836681,0.0,-0.0015869354195317414,0.16013155711591573,-5.44893656298924e-12,0.0022273814282390194,0.0,0.03645924988142479,0.04386887164014352,0.0,2.3049646475676047e-45
3.07,3.0082391988859257e-06,0.02443459868998415,0.0,-0.0008998707403151329,0.10770940529176022,-7.70456019819558e-12,0.0040526821272365305,0.0,0.022641226512374078,0.028610388620860978,0.0,1.3459456045761348e-45
3.08,4.240370038173003e-06,0.03612399380388175,0.0,-0.00027960342954032254,0.06475817130167555,-9.755801737768859e-12,0.00627889468978781,0.0,0.011589796098978396,0.01608229378473062,0.0,-1.9732639925938824e-47
3.09,5.332251581947267e-06,0.04952768556319157,0.0,0.0002325512096157835,0.03105355526157075,-1.1335518818825097e-11,0.008893313037004753,0.0,0.003207408150505508,0.006287431459401668,0.0,-1.7495378268462345e-45
3.1,6.125049165254657e-06,0.06440372035097881,0.0,0.0006140961983305542,0.00604526238372561,-1.2148635979141118e-11,0.011871282845486187,0.0,-0.002705877160913743,-0.0008954219399029306,0.0,-3.749105613678444e-45
3.11,6.450526538344211e-06,0.0804515485330956,0.0,0.0008591087217200973,-0.011101970399859093,-1.1898640828113195e-11,0.015181334286833412,0.0,-0.00643425389548714,-0.00569564145948755,0.0,-5.868812461236886e-45
3.12,6.14720083469913e-06,0.09734143180592776,0.0,0.0009750942667995776,-0.021444604093389857,-1.0321733632826398e-11,0.018791746804409107,0.0,-0.008321977705415075,-0.00842665539888034,0.0,-7.905563868938464e-45
3.13,5.080081076675391e-06,0.11474765075229464,0.0,0.0009793841571876184,-0.02618182657143019,-7.226668674513321e-12,0.022677517501479273,0.0,-0.008746226436525544,-0.009456998670948001,0.0,-9.610998356834027e-45
3.14,3.1627601623043653e-06,0.13238153963892252,0.0,0.0008954726612889446,-0.026571656741821194,-2.537200632643996e-12,0.026826452551591506,0.0,-0.008090063855209138,-0.00917998770796057,0.0,-1.0706917331870767e-44
3.15,3.8003906527598864e-07,0.15002027712057941,0.0,0.0007496154639517743,-0.023850443673595793,3.66702525217527e-12,0.031243059454885775,0.0,-0.006718089445743558,-0.007985117167325891,0.0,-1.0908166097506606e-44
3.16,-3.1912856244608022e-06,0.16752772950748343,0.0,0.0005679235267910588,-0.01916297243645043,1.111619732844093e-11,0.035949092065110946,0.0,-0.004956661687139274,-0.006233595876803584,0.0,-9.95242449761835e-45
3.17,-7.366271200485518e-06,0.18486441706199847,0.0,0.000374095908716647,-0.013508175643092491,1.9328310956377603e-11,0.04097996612672641,0.0,-0.0030798057534206467,-0.004239613390669137,0.0,-7.635453361992636e-45
3.18,-1.1843352128765621e-05,0.20208480838972895,0.0,0.00018785061910427502,-0.007703074698635501,2.760513696632701e-11,0.046376788172369794,0.0,-0.0013011704186649273,-0.0022580919766405595,0.0,-3.849347280774279e-45
3.19,-1.6206536517887264e-05,0.21932161650754634,0.0,2.404030228921537e-05,-0.0023653616350099403,3.505144090760607e-11,0.052174390568971225,0.0,0.00022824067952146676,-0.00047892752333281657,0.0,1.3796465378501954e-45
3.2,-1.994089480820143e-05,0.23675855714572674,0.0,-0.00010761664509723605,0.002086805416238987,4.06215126425305e-11,0.058386503486536054,0.0,0.0014173267959660231,0.0009728822939003604,0.0,7.858058182490201e-45
3.21,-2.246318658644757e-05,0.2545951227133443,0.0,-0.00020229743480067698,0.005420566773084876,4.3195107148029266e-11,0.06498998055836358,0.0,0.002228220060543516,0.002032252879131669,0.0,1.520181877512166e-44
3.22,-2.316828599944326e-05,0.27300918579321237,0.0,-0.0002594577626538019,0.007563280238218133,4.168218858838266e-11,0.07191075552373492,0.0,0.002666925816773955,0.0026854479012066545,0.0,2.282777333430393e-44
3.23,-2.14904895139942e-05,0.29212492130676515,0.0,-0.0002819707493884483,0.00857051167639967,3.515250916687537e-11,0.07901471618436288,0.0,0.0027725208018406543,0.0029592915690015128,0.0,2.9965018694559696e-44
3.24,-1.697689183339762e-05,0.3119930141762447,0.0,-0.00027514917417851534,0.008590909969500656,2.298223864099155e-11,0.08610650325207925,0.0,0.0026060496503027913,0.002909453985689623,0.0,3.5690125500555035e-44
3.25,-9.367921174519002e-06,0.33258637146767633,0.0,-0.0002457613947506443,0.007831345554086348,5.005889486920514e-12,0.09293809206360916,0.0,0.0022400707892156475,0.0026089391880014345,0.0,3.8988740556431404e-44
3.26,1.32198638690949e-06,0.3538091907577818,0.0,-0.00020112846456158193,0.0065250365744410595,-1.834194601841934e-11,0.099227279579166,0.0,0.0017495653576911504,0.0021376705931566067,0.0,3.884380677222417e-44
3.27,1.4732492304243828e-05,0.37551353074811955,0.0,-0.00014836429016416367,0.004904615640211883,-4.5913539722598094e-11,0.10468469574473749,0.0,0.00120466884871363,0.0015738007196621526,0.0,3.4347746628771236e-44
3.28,3.0104577112047057e-05,0.3975170748489429,0.0,-9.379504383442629e-05,0.0031812972936374794,-7.578390935551981e-11,0.1090471039561473,0.0,0.0006654410991062488,0.00098710223508921,0.0,2.483258286240567e-44
3.29,4.6257864958432035e-05,0.4196175134890378,0.0,-4.257068420088149e-05,0.0015305677831356937,-1.0525588468292552e-10,0.11211432979198863,0.0,0.0001786759570829577,0.00043455026188758136,0.0,1.0008362326233478e-44
3.3,6.160864307381362e-05,0.4416012413560231,0.0,1.5380991538872125e-06,8.418986734600851e-05,-1.3095234608275722e-10,0.11378681580945625,0.0,-0.00022341952493230862,-4.200114623229811e-05,0.0,-9.903256944821462e-45
3.31,7.423749149617324e-05,0.46324607259617484,0.0,3.6179015358602506e-05,-0.0010721700923462785,-1.4900876474983418e-10,0.11410043422292906,0.0,-0.0005229687325867641,-0.00041630220464282576,0.0,-3.405638303157541e-44
3.32,8.201232228088823e-05,0.4843192399359766,0.0,6.032467079417338e-05,-0.00189671373576311,-1.5537155658234089e-10,0.11325486269979684,0.0,-0.0007149565618063677,-0.0006767070902193475,0.0,-6.090735791256593e-44
3.33,8.276803170192484e-05,0.5045730219765547,0.0,7.408271508603696e-05,-0.0023858761471703574,-1.4619749187599588e-10,0.11163165166620775,0.0,-0.0008049386758647145,-0.0008240981155368596,0.0,-8.819896420880024e-44
3.34,7.453800691252758e-05,0.5237409166123099,0.0,7.844666726353715e-05,-0.0025665165705898033,-1.1833690845370236e-10,0.10979820124391605,0.0,-0.0008063069647257456,-0.0008691479340576488,0.0,-1.1301961157506773e-43
3.35,5.582569556404472e-05,0.5415373498675722,0.0,7.502180828267175e-05,-0.0024870893353323557,-6.986954671869742e-11,0.1084943324833667,0.0,-0.0007374467122248871,-0.0008293021963940485,0.0,-1.319510440356937e-43
3.36,2.589683648777618e-05,0.5576635041869684,0.0,6.575543011413728e-05,-0.0022087904963649535,-6.476223810401223e-13,0.10859906903270315,0.0,-0.0006190585402485415,-0.0007258075617173121,0.0,-1.4131191459677193e-43
3.37,-1.4934548292305258e-05,0.5718210191533715,0.0,5.2694150368336056e-05,-0.0017974642771480297,8.72122208700479e-11,0.11107669076150659,0.0,-0.00047184538925348684,-0.0005810365409814182,0.0,-1.374959012636581e-43
3.38,-6.505982267198544e-05,0.5837341381936498,0.0,3.778382516621726e-05,-0.0013168190922457944,1.889564111329166e-10,0.11690307287847163,0.0,-0.0003146900826304908,-0.0004162809970093466,0.0,-1.1739218742522467e-43
3.39,-0.00012140705110759351,0.5931794525696558,0.0,2.272057562111617e-05,-0.0008232707691059675,2.9701479734796287e-10,0.1269757037305718,0.0,-0.00016337928000060087,-0.0002501084610001013,0.0,-7.886371961269574e-44
3.4,-0.00017938951199285866,0.6000208630316629,0.0,8.855165424152277e-06,-0.00036252022442499526,4.0108551970889214e-10,0.1420134189148705,0.0,-2.986985409212372e-05,-9.730606673859843e-05,0.0,-2.1245646478321968e-44
3.41,-0.00023300856165735896,0.6042459020119548,0.0,-2.85217834806708e-06,3.2202077614632265e-05,4.885459300221202e-10,0.16245454520149105,0.0,7.79529863005396e-05,3.161987419560803e-05,0.0,5.418598204483607e-44
3.42,-0.00027514083114030344,0.6059983221619848,0.0,-1.1833211187034084e-05,0.00034042434839816154,5.452313964197005e-10,0.1883644715411402,0.0,0.000156108857166136,0.00013046255044218893,0.0,1.4383526525257706e-43
3.43,-0.0002980273167305107,0.6056010665792592,0.0,-1.787850406090181e-05,0.0005535401633573204,5.565942064842541e-10,0.2193652313557166,0.0,0.00020404788919481338,0.00019695202732814782,0.0,2.4156339464367023e-43
3.44,-0.00029396422310193766,0.6035636087047483,0.0,-2.10798852788604e-05,0.0006730623674602694,5.092158620712086e-10,0.2546000025872536,0.0,0.00022397567767833625,0.00023212389111989558,0.0,3.3868806729354194e-43
3.45,-0.0002561729835222791,0.6005684002667152,0.0,-2.175868706575892e-05,0.0007083580081933059,3.925996639381498e-10,0.29274398620585307,0.0,0.0002200791990643946,0.0002395314266487432,0.0,4.2426510826229995e-43
3.46,-0.00017980093647762993,0.5974329918400173,0.0,-2.038907923870019e-05,0.0006741728554857012,2.0111976028299512e-10,0.33206938662287394,0.0,0.000197742534142704,0.00022440352318408416,0.0,4.856967349646767e-43
3.47,-6.297662097678483e-05,0.5950474574086825,0.0,-1.7524239520015746e-05,0.0005882071427212297,-6.404774967874857e-11,0.37056570674294476,0.0,0.00016282331649372954,0.00019283361652024997,0.0,5.096865525259154e-43
3.48,9.218280274482247e-05,0.5942911765480783,0.0,-1.373122290667575e-05,0.00046894426370340807,-3.9323085472492003e-10,0.4061068896877607,0.0,0.00012104048816486577,0.0001510641939639595,0.0,4.835282652629292e-43
3.49,0.00027873667229879386,0.5959385772612382,0.0,-9.538391286502659e-06,0.00033386927899474315,-7.670564790896565e-10,0.43664442064841413,0.0,7.750348425044005e-05,0.00010490935701065584,0.0,3.966745508960054e-43
3.5,0.0004843974244774534,0.6005684253501898,0.0,-5.39734848076421e-06,0.00019815095647510408,-1.1559990428327203e-09,0.46039444614933683,0.0,3.639420144450331e-05,5.933684741893148e-05,0.0,2.4248707709868827e-43
3.51,0.0006914603008139953,0.6084919421352315,0.0,-1.6596448109163004e-06,7.380485081051845e-05,-1.520935020901861e-09,0.4759864689962485,0.0,7.97317094295232e-07,1.821244275020307e-05,0.0,2.0021970089421036e-44
3.52,0.0008773154518302903,0.6197090300973873,0.0,1.4328333878567105e-06,-3.06909256958137e-05,-1.8149117759252921e-09,0.48255712232273457,0.0,-2.733753329766707e-05,-1.58052112832349e-05,0.0,-2.6433796943315586e-43
3.53,0.0010156417421668695,0.6338928163431126,0.0,3.7458423914357484e-06,-0.00011038925287589911,-1.9862600024762137e-09,0.47979557081534,0.0,-4.7126274492665864e-05,-4.124191782121756e-05,0.0,-5.956266108389764e-43
3.54,0.001078332491989858,0.6503980551364745,0.0,5.241764896643044e-06,-0.00016355999394667553,-1.983064651548714e-09,0.46795823946538573,0.0,-5.860236612547628e-05,-5.7686402622609504e-05,0.0,-9.496536434314546e-43
3.55,0.0010381355782525619,0.6682919159152484,0.0,5.962465688842879e-06,-0.00019116091129558587,-1.7588623803314156e-09,0.4478614942295151,0.0,-6.251979107214669e-05,-6.560147439336576e-05,0.0,-1.2932158539164537e-42
3.56,0.0008719062613764172,0.6864119675966364,0.0,6.008815969173791e-06,-0.00019618527146145648,-1.2792620151507565e-09,0.4208423285285796,0.0,-6.013465527663305e-05,-6.609862911602947e-05,0.0,-1.5853656437187137e-42
3.57,0.0005642757714341778,0.7034579457136388,0.0,5.519383233993191e-06,-0.00018296930091370506,-5.290006357773714e-10,0.38866830498991745,0.0,-5.2989034667726965e-05,-6.0703553442065286e-05,0.0,-1.7798795462716385e-42
3.58,0.00011143964135798894,0.7181168529190546,0.0,4.650328555949157e-06,-0.00015652858806001403,4.81231204732651e-10,0.35338972621916315,0.0,-4.271551103181271e-05,-5.113497421177109e-05,0.0,-1.8289745789681197e-42
3.59,-0.00047532298806240135,0.7292088604881132,0.0,3.5580155815303745e-06,-0.00012197538508001654,1.7090147530794914e-09,0.31715075249048535,0.0,-3.08751285639884e-05,-3.9113386854993945e-05,0.0,-1.688194566679698e-42
3.6,-0.0011668623610497177,0.735832693891825,0.0,2.3852800336535644e-06,-8.405069729916632e-05,3.0764016791191245e-09,0.28199262774531647,0.0,-1.8835885494236653e-05,-2.621008434714253e-05,0.0,-1.3222378038819612e-42
3.61,-0.0019146097201396847,0.7374879707309031,0.0,1.2517874228061883e-06,-4.678783520201292e-05,4.469037374286334e-09,0.24968181713114385,0.0,-7.693822870658777e-06,-1.374117721930428e-05,0.0,-7.113315930861459e-43
3.62,-0.0026507722543502453,0.7341561150082434,0.0,2.4845835505229227e-07,-1.3309071469493822e-05,5.739090741290761e-09,0.22158469778129733,0.0,1.76539188064859e-06,-2.7063652713067673e-06,0.0,1.4240732138249753e-43
3.63,-0.0032907180150182056,0.7263274068223179,0.0,-5.64410868044622e-07,1.4254952235164276e-05,6.712686243689442e-09,0.19859784510514364,0.0,9.069588788635815e-06,6.2316447622634985e-06,0.0,1.209336312005368e-42
3.64,-0.0037378741577184017,0.714968026863337,0.0,-1.1559493842957452e-06,3.474197806148653e-05,7.202220791709269e-09,0.18113310274465677,0.0,1.4035117638348751e-05,1.273387071216496e-05,0.0,2.428194346787333e-42
3.65,-0.003891269569754875,0.7014277474414933,0.0,-1.5211906207454294e-06,4.785504347345351e-05,7.023508368805797e-09,0.16914996640363478,0.0,1.6721898654857998e-05,1.6746256588283903e-05,0.0,3.704421847483464e-42
3.66,-0.0036555944064558753,0.687296632271144,0.0,-1.676028231024414e-06,5.400546312944354e-05,6.017144036334954e-09,0.16222395631260259,0.0,1.737666014215216e-05,1.8444140040773376e-05,0.0,4.9117265240462804e-42
3.67,-0.0029533351517348626,0.6742277860999023,0.0,-1.6514127370939426e-06,5.4127032577994344e-05,4.072847357042195e-09,0.15963811744849737,0.0,1.637183010295807e-05,1.816838586299501e-05,0.0,5.897592026180641e-42
3.68,-0.0017381944357411515,0.6637511551048733,0.0,-1.4874574586128743e-06,4.948380397260128e-05,1.1548819217233964e-09,0.16048504343398137,0.0,1.4146349964415735e-05,1.636053855256732e-05,0.0,6.493175454998657e-42
3.69,-8.649114917203728e-06,0.657106501099338,0.0,-1.2279888575287604e-06,4.148961863353333e-05,-2.6739823289675042e-09,0.16376833953428274,0.0,1.1153184526208805e-05,1.3502877610756935e-05,0.0,6.527672190518271e-42
3.7,0.0021798243604728863,0.6551190087258602,0.0,-9.159243558796111e-07,3.155270492460381e-05,-7.2330150360565845e-09,0.16849472700138457,0.0,7.81670632572333e-06,1.006758566996434e-05,0.0,5.846751595342872e-42
3.71,0.0047055773661335495,0.6581310189888734,0.0,-5.897072488033127e-07,2.0953639858876916e-05,-1.2211948557690852e-08,0.1737506130787446,0.0,4.501596036277901e-06,6.477551393434435e-06,0.0,4.3341088884751095e-42
3.72,0.007376515597490661,0.6659927336715556,0.0,-2.80887251338078e-07,1.076029603453832e-05,-1.717067642786323e-08,0.17875955846798736,0.0,1.4935452381141866e-06,3.079777244401455e-06,0.0,1.9345764591754166e-42
3.73,0.009932527760651524,0.6781049658349506,0.0,-1.2816222487354007e-08,1.779390971207712e-06,-2.1553285007935315e-08,0.18291940897507508,0.0,-1.0090457772350522e-06,1.3105369184129167e-07,0.0,-1.3233527943137033e-42
3.74,0.012056167042724202,0.6934997176443638,0.0,1.9966255398822614e-07,-5.4588678237402545e-06,-2.4718705215168143e-08,0.18581975556593727,0.0,-2.8939741766827184e-06,-2.2054407082073007e-06,0.0,-5.308248246044242e-42
3.75,0.013392646720826282,0.7109438081851819,0.0,3.4971439371689187e-07,-1.0688704361102762e-05,-2.5989039546073748e-08,0.18724176946536875,0.0,-4.126827965544794e-06,-3.854626722699611e-06,0.0,-9.772721217529425e-42
3.76,0.013579477230826507,0.7290571385434016,0.0,4.374176906864662e-07,-1.3876127973435604e-05,-2.4714940429464164e-08,0.18714332331405537,0.0,-4.737549236602648e-06,-4.817466950017e-06,0.0,-1.4349785294350877e-41
3.77,0.012285110277054392,0.746442606513434,0.0,4.682946352951551e-07,-1.5172932273249504e-05,-2.0355355621409344e-08,0.18563271164915723,0.0,-4.804207344402912e-06,-5.154803077886374e-06,0.0,-1.8561517525215038e-41
3.78,0.009254813380568225,0.7618217553123218,0.0,4.5167578274521014e-07,-1.4864193599534794e-05,-1.256664138534401e-08,0.18293432164028714,0.0,-4.435992354794359e-06,-4.969370773204728e-06,0.0,-2.1842358460154796e-41
3.79,0.004360755881770025,0.7741615058948041,0.0,3.9907674482184874e-07,-1.3315239728627971e-05,-1.2936632777902337e-09,0.17934939994333238,0.0,-3.7570819991186884e-06,-4.387951630178847e-06,0.0,-2.3578390964831607e-41
3.8,-0.0023479420224323116,0.7827719029103657,0.0,3.2272654999255263e-07,-1.0922839505625174e-05,1.3146695888813422e-08,0.1752147429144773,0.0,-2.8926090503394536e-06,-3.5451950405826733e-06,0.0,-2.3162523274796886e-41
3.81,-0.010600519896251756,0.7873575111574732,0.0,2.343444733626458e-07,-8.073985552210147e-06,3.0000928186565646e-08,0.17086182668948696,0.0,-1.9575125048278294e-06,-2.5701723429270422e-06,0.0,-2.0063716149247267e-41
3.82,-0.01987132600342481,0.7880133588111108,0.0,1.442199673087688e-07,-5.114259803816267e-06,4.804543486442582e-08,0.16657869301664371,0.0,-1.0486376882568525e-06,-1.5762616544715797e-06,0.0,-1.3906335928380055e-41
3.83,-0.029364349703700138,0.785165952555515,0.0,6.061229164688009e-08,-2.3265075856091852e-06,6.559627129050319e-08,0.16257689206249987,0.0,-2.4008870068453605e-07,-6.545436367415148e-07,0.0,-4.553540187334462e-42
3.84,-0.038021497480432515,0.7794691574461415,0.0,-1.0545002805110888e-08,8.051360619819064e-08,8.05726111542689e-08,0.15896600071382433,0.0,4.184488015748431e-07,1.2945697330610116e-07,0.0,7.813479414839248e-42
3.85,-0.04455940502482632,0.7716732999546635,0.0,-6.567308868392713e-08,1.974649406827452e-06,9.06212936249974e-08,0.1557386340416305,0.0,9.008967492165229e-07,7.36107049687057e-07,0.0,2.2630305476741274e-41
3.86,-0.047537550559632935,0.7624919822019651,0.0,-1.033639205049434e-07,3.295699900833237e-06,9.330501120325146e-08,0.15276903974896547,0.0,1.2020835563374301e-06,1.149667127096022e-06,0.0,3.890916061591935e-41
3.87,-0.04545755081653512,0.7524905991827615,0.0,-1.2404420171562056e-07,4.045550472280892e-06,8.635031698676896e-08,0.14982741686935136,0.0,1.33378925967454e-06,1.37462830725955e-06,0.0,5.523500734065101e-41
3.88,-0.03688988719134721,0.7420109159440763,0.0,-1.2954859945155344e-07,4.2750668342946604e-06,6.794396422522462e-08,0.14660946037016234,0.0,1.3201480338834157e-06,1.431056472791497e-06,0.0,6.980803412574426e-41
3.89,-0.02062015520171571,0.7311323259810445,0.0,-1.2265858688322618e-07,4.06959445879123e-06,3.705764421669039e-08,0.14277719811251557,0.0,1.1929456211042251e-06,1.3495604471029786e-06,0.0,8.054025332362462e-41
3.9,0.004197378809038338,0.7196623972077841,0.0,-1.0665448547851262e-07,3.534624572064746e-06,-6.227310954551372e-09,0.1380047949483979,0.0,9.872440618155929e-07,1.1664027188844073e-06,0.0,8.521000156471237e-41
3.91,0.03789508865698621,0.7071516000324657,0.0,-8.491720667264629e-08,2.7828301937992933e-06,-6.043131718905367e-08,0.13202257815633203,0.0,7.376453401684632e-07,9.19148677513538e-07,0.0,8.167272202003227e-41
3.92,0.08017531486270435,0.6929349177655643,0.0,-6.060429640490703e-08,1.9232856265140732e-06,-1.2246573973794772e-07,0.12465357869636724,0.0,4.75383108102973e-07,6.431189933853889e-07,0.0,6.811972505746444e-41
3.93,0.1300420978264425,0.676207426889263,0.0,-3.641337087331271e-08,1.0533033553652266e-06,-1.87544180771806e-07,0.11583857069540394,0.0,2.2631868543110337e-07,3.6878321417085455e-07,0.0,4.336907024537994e-41
3.94,0.18580040658355712,0.6561367892955815,0.0,-1.4435808685864095e-08,2.529860894698174e-07,-2.492584489092084e-07,0.10564755113835254,0.0,9.822021607577691e-09,1.201209787453322e-07,0.0,7.164893346448641e-42
3.95,0.24513726644434242,0.6320054478341186,0.0,3.904766051050026e-09,-4.1767908602433567e-07,-2.9985494978374024e-07,0.09427752446973262,0.0,-1.6155499302179643e-07,-8.611283462524811e-08,0.0,-3.954578631591743e-41
3.96,0.3052903178347237,0.603364519677586,0.0,1.7840808911641784e-08,-9.19550758747091e-07,-3.307345732964475e-07,0.08203771114906268,0.0,-2.817547678684424e-07,-2.40347837526217e-07,0.0,-9.43955483941192e-41
3.97,0.36329558103436177,0.5701722573363903,0.0,2.7191478746470584e-08,-1.2333668427662066e-06,-3.331805312951139e-07,0.06932354812053614,0.0,-3.504076961028116e-07,-3.3955126888698907e-07,0.0,-1.5347839509126093e-40
3.98,0.4162875354958018,0.5328848139596254,0.0,3.225285743596049e-08,-1.3575992500965325e-06,-2.992944881067448e-07,0.05658096989461134,0.0,-3.7171649946181597e-07,-3.8615928105150294e-07,0.0,-2.113706815161315e-40
3.99,0.4618043419743871,0.49247118230187364,0.0,3.366509215916285e-08,-1.3056210134834054e-06,-2.2309292991532305e-07,0.04426380280025187,0.0,-3.5319304725962236e-07,-3.867674105073917e-07,0.0,-2.6132614201564624e-40
4.0,0.49803906224507105,0.45033990122129014,0.0,3.22724247527688e-08,-1.102602467191892e-06,-1.0168504045451755e-07,0.032789499130196034,0.0,-3.043859522969009e-07,-3.5074227614479734e-07,0.0,-2.9567005958873294e-40
4.01,0.5239863287773938,0.408187482846658,0.0,2.8989737942716217e-08,-7.824467120409598e-07,6.357681647224256e-08,0.02249999670342426,0.0,-2.3570639691104197e-07,-2.8888729953515053e-07,0.0,-3.06402236004537e-40
4.02,0.5394639008143501,0.3677988099168584,0.0,2.4686340668682143e-08,-3.8495437641709555e-07,2.6610907631732536e-07,0.013633777888182711,0.0,-1.574259188921798e-07,-2.1226065165448733e-07,0.0,-2.8599783068482424e-40
4.03,0.5450237248109692,0.33084030691699123,0.0,2.009458341012192e-08,4.6709696496480807e-08,4.934246775435422e-07,0.0063126607451631815,0.0,-7.888711748619698e-08,-1.3120807930126533e-07,0.0,-2.2837023769437e-40
4.04,0.5417890684011024,0.2986839876034771,0.0,1.5747815917286145e-08,4.682753347762299e-07,7.269358120094564e-07,0.0005439063486360578,0.0,-7.939400509949194e-09,-5.4640314728844375e-08,0.0,-1.2993257059889204e-40
4.05,0.5312584934657718,0.2722872166285731,0.0,1.1949369352217365e-08,8.36450608264018e-07,9.423810420071196e-07,-0.00376414007983421,0.0,4.941099442661293e-08,1.0442991503360458e-08,0.0,9.333635987818753e-42
4.06,0.5151109340960884,0.2521364610755992,0.0,8.771778816671904e-09,1.1109647991478163e-06,1.1109968421137815e-06,-0.006776191112113782,0.0,8.916334938527955e-08,5.920189114798274e-08,0.0,1.8491921447643904e-40
4.07,0.4950362982084715,0.23825016802484078,0.0,6.0834088296363744e-09,1.256701739767156e-06,1.2015031849402466e-06,-0.008698052653349782,0.0,1.0933252907354873e-07,8.901007398641307e-08,0.0,3.870734975754297e-40
4.08,0.47260608564401224,0.23022862153839052,0.0,3.5980008622583874e-09,1.2460123095255281e-06,1.182901092671162e-06,-0.009742864088933616,0.0,1.0984420820282282e-07,9.935350294126549e-08,0.0,6.004808560252781e-40
4.09,0.44918956689664463,0.2273360414584461,0.0,9.41395321484354e-10,1.0612193838435622e-06,1.0279893783816865e-06,-0.01009960228234318,0.0,9.23494131029175e-08,9.161364595203214e-08,0.0,8.044682686732053e-40
4.1,0.425913650996921,0.22860035029514955,0.0,-2.2712527102611114e-09,6.9722867166161e-07,7.174030747353355e-07,-0.009907331944079929,0.0,5.998540149706407e-08,6.877104186376348e-08,0.0,9.738633209290326e-40
4.11,0.40365908607000245,0.23291773310635724,0.0,-6.355078690936203e-09,1.6404695549245403e-07,2.4386515616092295e-07,-0.009237892903442083,0.0,1.7100748094649527e-08,3.5057815719487076e-08,0.0,1.080581845993673e-39
4.12,0.38308232856274266,0.23915167777127938,0.0,-1.1479596515205242e-08,-5.110998967607164e-07,-3.8376323906885683e-07,-0.008088798710369292,0.0,-3.104686285954313e-08,-4.420540560158898e-09,0.0,1.0959646696323788e-39
4.13,0.36465139950236974,0.24621910684085585,0.0,-1.7604972503803844e-08,-1.2824467673595004e-06,-1.1371377714507365e-06,-0.006387155273947626,0.0,-7.861953753626746e-08,-4.408160996651733e-08,0.0,9.938049774180272e-40
4.14,0.3486853173400523,0.2531590829743924,0.0,-2.4437875786784033e-08,-2.085618771282663e-06,-1.966351549883448e-06,-0.004004454997259762,0.0,-1.1955921341595265e-07,-7.82741053822334e-08,0.0,7.539154673695427e-40
4.15,0.33538999101185807,0.25918208399585096,0.0,-3.1413553454239436e-08,-2.8392651208687375e-06,-2.7996918044065296e-06,-0.0007812013949397169,0.0,-1.4798451151025782e-07,-1.0169391613602737e-07,0.0,3.659840673450073e-40
4.16,0.3248875691514912,0.26369984477414365,0.0,-3.770952308657304e-08,-3.4487912380090053e-06,-3.5457520736418834e-06,0.0034405643412983265,0.0,-1.5862698927617458e-07,-1.0980406042164399e-07,0.0,-1.666324237302373e-40
4.17,0.31723869957178874,0.2663372559012534,0.0,-4.229442892622178e-08,-3.8124503743319223e-06,-4.098297244486387e-06,0.008779766198064613,0.0,-1.4730207883401333e-07,-9.92505301685447e-08,0.0,-8.236145731735828e-40
4.18,0.312456317923086,0.26692884929392413,0.0,-4.401312561262194e-08,-3.829850075115052e-06,-4.344079751477029e-06,0.015277928811551022,0.0,-1.1139911968308648e-07,-6.82591427154717e-08,0.0,-1.565386170953035e-39
4.19,0.31050761602822285,0.2655029402329197,0.0,-4.1705945404838426e-08,-3.4126558532592363e-06,-4.173530811811351e-06,0.022865091944750313,0.0,-5.036165431168094e-08,-1.6989711400327354e-08,0.0,-2.332342518928391e-39
4.2,0.31130214492059255,0.2622564367063458,0.0,-3.4356459885950985e-08,-2.4969496710470087e-06,-3.4939109802803172e-06,0.031335556528476104,0.0,3.3884758830159625e-08,5.21854521580083e-08,0.0,-3.0460951885438845e-39
4.21,0.3146696884245489,0.2575227645866796,0.0,-2.1258050015688152e-08,-1.056348966100518e-06,-2.2441197781148863e-06,0.040338551658662285,0.0,1.3661247969496157e-07,1.345197541554964e-07,0.0,-3.613135939850661e-39
4.22,0.32033749988945676,0.25173464557328684,0.0,-2.185539041459575e-09,8.8535317634797e-07,-4.099653156713348e-07,0.04938779486095746,0.0,2.5014357197106586e-07,2.228932507028388e-07,0.0,-3.9311619460158916e-39
4.23,0.3279177666685798,0.24538299794030194,0.0,2.2445585885868867e-08,3.243562954176948e-06,1.9616778691916966e-06,0.05789244590417659,0.0,3.6394040111576583e-07,3.08022289923077e-07,0.0,-3.898073972904593e-39
4.24,0.3369116137731689,0.23897321134786215,0.0,5.145275591846904e-08,5.866013947374596e-06,4.751692711716433e-06,0.06521012409633291,0.0,4.6499680874536693e-07,3.7891732249860555e-07,0.0,-3.423365549625287e-39
4.25,0.34672860047817816,0.23298046461914282,0.0,8.28146726577984e-08,8.531445027637427e-06,7.762565778455256e-06,0.07072015480050226,0.0,5.385767892572075e-07,4.2361417034328245e-07,0.0,-2.4412800981559553e-39
4.26,0.3567150864007388,0.22780649400846759,0.0,1.1367608322017008e-07,1.0955495279509655e-05,1.0719285988337968e-05,0.07391164143535069,0.0,5.693223004291938e-07,4.3018183883482567e-07,0.0,-9.247496033319592e-40
4.27,0.36618427931436087,0.22374118273969282,0.0,1.4044794350304185e-07,1.2805130100158216e-05,1.3279087854969067e-05,0.0744761073897245,0.0,5.427162995270719e-07,3.8798020993518613e-07,0.0,1.1012229466465e-39
4.28,0.37444507345648687,0.22093343262057102,0.0,1.5901651118386682e-07,1.3722315952912125e-05,1.5051329995825738e-05,0.07238875217938086,0.0,4.4684276329454905e-07,2.89105193034879e-07,0.0,3.548372200795933e-39
4.29,0.380832439334599,0.21937648032669524,0.0,1.650665924169425e-07,1.3356822618741272e-05,1.5628020708962384e-05,0.0679581426250765,0.0,2.743351594240425e-07,1.2991978074056428e-07,0.0,6.258000293726427e-39
4.3,0.38474451914046054,0.2189119057389045,0.0,1.5451307585151874e-07,1.1406980278510592e-05,1.4624457718633768e-05,0.061826059613305166,0.0,2.4352834911275757e-08,-8.74693142343686e-08,0.0,8.9997025107289e-39
4.31,0.38568838258888816,0.21925321530724598,0.0,1.2402148798621578e-07,7.666014793684475e-06,1.1728183431737e-05,0.05491017333116594,0.0,-2.9562338330286075e-07,-3.539635137190912e-07,0.0,1.147771168224603e-38
4.32,0.3833298983799134,0.2200253101659137,0.0,7.158344301743617e-08,2.070321577291673e-06,6.75305145011239e-06,0.048297914084311055,0.0,-6.684228576325993e-07,-6.526502043807314e-07,0.0,1.334620056509864e-38
4.33,0.3775382585869434,0.22081295106811863,0.0,-2.9022192943008986e-09,-5.255158632271413e-06,-3.062268171508934e-07,0.04311142474456032,0.0,-1.0665108321071952e-06,-9.586115612495426e-07,0.0,1.4234246226359307e-38
4.34,0.36841494103796274,0.22121075725088127,0.0,-9.710550749039388e-08,-1.3960279034261188e-05,-9.22498210986055e-06,0.04036640932896861,0.0,-1.4522706376237478e-06,-1.2395558296012023e-06,0.0,1.378027665625534e-38
4.35,0.3562992371958745,0.2208684732429978,0.0,-2.05871883977899e-07,-2.3448154249181e-05,-1.95118455715897e-05,0.040844700090829376,0.0,-1.779469963658965e-06,-1.4574236820620053e-06,0.0,1.1674718944614011e-38
4.36,0.34174602798367076,0.21952690642963738,0.0,-3.2103783565179355e-07,-3.2875212194785e-05,-3.039175901752384e-05,0.044995654441103865,0.0,-1.996068799228952e-06,-1.571055640678569e-06,0.0,7.708314343162659e-39
4.37,0.3254755632671681,0.2170414918121678,0.0,-4.315316558571449e-07,-4.117862315295194e-05,-4.0815921390557284e-05,0.052876883705832003,0.0,-2.048420094928904e-06,-1.5399121211233148e-06,0.0,1.8222565461476778e-39
4.38,0.3082997284464597,0.21339181107023925,0.0,-5.238244759163653e-07,-4.713541342440147e-05,-4.95047922982107e-05,0.06414040911597763,0.0,-1.8867731195397648e-06,-1.3287184993108388e-06,0.0,-5.844923874793701e-39
4.39,0.2910347780414347,0.2086766468494384,0.0,-5.827751733194978e-07,-4.9455208162219084e-05,-5.502824554399845e-05,0.07806585274591796,0.0,-1.471820352364143e-06,-9.127703890055073e-07,0.0,-1.4919806546610678e-38
4.4,0.27441589725927945,0.2030954122206364,0.0,-5.928808023514608e-07,-4.6905334968251554e-05,-5.592393927739336e-05,0.09363744316088037,0.0,-7.818428929719973e-07,-2.834895225012205e-07,0.0,-2.477253182742238e-38
4.41,0.2590313779654377,0.19691825886059885,0.0,-5.399023493854038e-07,-3.846308551754837e-05,-5.0851012987795984e-05,0.10965631172202812,0.0,1.8017699915264114e-07,5.463176358579742e-07,0.0,-3.4517939739772395e-38
4.42,0.24529028862473562,0.19044896111363277,0.0,-4.127859027648486e-07,-2.3485520366401254e-05,-3.877152481691292e-05,0.12487399295268943,0.0,1.380273887218113e-06,1.5381609689449462e-06,0.0,-4.3045356603487345e-38
4.43,0.23342731604765843,0.18398633816644774,0.0,-2.057451489842208e-07,-1.882674053068489e-06,-1.9146928414268054e-05,0.13812871675277363,0.0,2.748967575611905e-06,2.6252616183889897e-06,0.0,-4.90814068088528e-38
4.44,0.22353651157718696,0.1777902425135472,0.0,7.968272449151068e-08,2.5724154633963874e-05,7.868187376511862e-06,0.14846629976439557,0.0,4.179454726770883e-06,3.712384244113317e-06,0.0,-5.128773504662679e-38
4.45,0.21561723645191724,0.1720561490293674,0.0,4.328430573585282e-07,5.788060001796164e-05,4.125733650463563e-05,0.15523412494057282,0.0,5.529455370446208e-06,4.67877939672707e-06,0.0,-4.839215442298951e-38
4.46,0.20961360428023273,0.1668993294529835,0.0,8.327010344479778e-07,9.22372233747995e-05,7.902378371244233e-05,0.15814564658297137,0.0,6.62749037507411e-06,5.384744238510287e-06,0.0,-3.9347626899723034e-38
4.47,0.20543384328528833,0.16234793885970764,0.0,1.2473929068690139e-06,0.00012557022558634684,0.00011814925916680066,0.15731634948431228,0.0,7.284082324751473e-06,5.682044652094675e-06,0.0,-2.350889232303687e-38
4.48,0.20294633605307846,0.15834486668977268,0.0,1.6348591745821826e-06,0.0001539047653759365,0.0001546549892814436,0.15326810971173116,0.0,7.307957782614411e-06,5.428078360232318e-06,0.0,-8.118714476849607e-40
4.49,0.20196003821323735,0.1547591569169836,0.0,1.9447795790355277e-06,0.0001727547116697469,0.00018378570516948764,0.14689399727782218,0.0,6.526794557300607e-06,4.503211061207285e-06,0.0,2.806332942301964e-38
4.5,0.20220397393447967,0.15140729876411582,0.0,2.1219442132113196e-06,0.00017748343947071186,0.0002003291769239082,0.13937662478397014,0.0,4.811430505055671e-06,2.8302128896465628e-06,0.0,6.15683067228341e-38
4.51,0.20332162491280562,0.14808288617764456,0.0,2.111071664341249e-06,0.0001637780740851069,0.00019907213853634674,0.1320600959119862,0.0,2.1017753614051492e-06,3.942014825770688e-07,0.0,9.722535141056358e-38
4.52,0.20489120783824039,0.1445912256132665,0.0,1.862927405343027e-06,0.00012821495264469217,0.00017537855395419048,0.1262847313706767,0.0,-1.5679938024136763e-06,-2.7389859535922604e-06,0.0,1.3165324342596034e-37
4.53,0.20647302625601807,0.1407839034159473,0.0,1.3414119477737712e-06,6.887797717637371e-05,0.00012585881843482844,0.12320344684830964,0.0,-6.0479424853838245e-06,-6.40845221893737e-06,0.0,1.6070026842539597e-37
4.54,0.20767390115086376,0.13658744298180328,0.0,5.310919791638644e-07,-1.4024624631545694e-05,4.907996260681809e-05,0.12360725125953746,0.0,-1.1057973542920217e-05,-1.0350604592360347e-05,0.0,1.7969845029064783e-37
4.55,0.2082119990923125,0.13202093437267703,0.0,-5.555427549834991e-07,-0.00011761405959131282,-5.375102780287588e-05,0.1277905059913782,0.0,-1.6184006465396662e-05,-1.4200870310704e-05,0.0,1.8384328961031486e-37
4.56,0.20796624852448745,0.12720000587318572,0.0,-1.8719759927729912e-06,-0.00023594484697985006,-0.00017821389902078662,0.13548186064085946,0.0,-2.0888004549938104e-05,-1.750708097292667e-05,0.0,1.6869051603595663e-37
4.57,0.20700000339219135,0.12232707830329186,0.0,-3.3337018538506017e-06,-0.0003598431053884052,-0.00031630504092030275,0.1458564286486927,0.0,-2.4534451511102506e-05,-1.9756170238091428e-05,0.0,1.3074609425761149e-37
4.58,0.2055537573017366,0.11766896897966654,0.0,-4.817416135044852e-06,-0.0004770601356930242,-0.00045636629658273877,0.15763221945690556,0.0,-2.6434750898885004e-05,-2.0414792432462356e-05,0.0,6.810899753720243e-38
4.59,0.20400561889775273,0.11352323002863202,0.0,-6.164297853686041e-06,-0.0005728088903064319,-0.0005834008351834688,0.16924056217519848,0.0,-2.590942738160522e-05,-1.8983087419452073e-05,0.0,-1.8890454885745015e-38
4.6,0.20280364247804086,0.11017606524043941,0.0,-7.188113832767953e-06,-0.0006307265495185651,-0.0006798449417359902,0.179046508615093,0.0,-2.236600050229836e-05,-1.5059150124450442e-05,0.0,-1.2712875153963344e-37
4.61,0.20238188298954365,0.10785782592889667,0.0,-7.688540251595001e-06,-0.0006342707170014881,-0.0007268324354470241,0.1855824662808521,0.0,-1.5388090858775225e-05,-8.40992017924544e-06,0.0,-2.5028672437344316e-37
4.62,0.2030786580028254,0.1067049755420654,0.0,-7.469621590579094e-06,-0.0005685106171259556,-0.0007059435784127217,0.18775129267160545,0.0,-4.8288813030969125e-06,9.576542951635255e-07,0.0,-3.786938971578095e-37
4.63,0.20507584301845908,0.10673722318933561,0.0,-6.362695734743189e-06,-0.00042222044655807075,-0.0006013743405101575,0.18496025858541681,0.0,9.100271622394286e-06,1.2733002964407169e-05,0.0,-4.995031292070422e-37
4.64,0.20837043358166019,0.10785430308958376,0.0,-4.252438155635883e-06,-0.00019012354041447244,-0.0004023979597555867,0.17716639011642252,0.0,2.5757210234970496e-05,2.6254953259544403e-05,0.0,-5.972647618474317e-37
4.65,0.21277814762877195,0.10985075547492523,0.0,-1.1039705171336805e-06,0.0001249214032169255,-0.00010592383304543099,0.1648387614069424,0.0,4.402467692337533e-05,4.049105613584719e-05,0.0,-6.54943687797728e-37
4.66,0.21796034716489157,0.11244266418460575,0.0,3.0116902088889576e-06,0.0005100504924390999,0.0002811045046850762,0.14886135765216177,0.0,6.230685279861234e-05,5.405256167315241e-05,0.0,-6.553852391239927e-37
4.67,0.22346393976191778,0.11529967705267356,0.0,7.897112395639471e-06,0.0009411340683619727,0.0007397822390000103,0.13040385075557798,0.0,7.857806126921226e-05,6.5252934567611e-05,0.0,-5.8318754517556564e-37
4.68,0.2287674652257253,0.1180778200863223,0.0,1.3216460305535572e-05,0.0013824294951874374,0.0012381281866933784,0.1107805461514412,0.0,9.04922074269658e-05,7.221507878405781e-05,0.0,-4.268815283720782e-37
4.69,0.23333038002974207,0.12045096522784579,0.0,1.8495653265567507e-05,0.0017874320725763655,0.0017311249809156062,0.09130950037708689,0.0,9.555707550022912e-05,7.302841517280008e-05,0.0,-1.8125904338833128e-37
4.7,0.236643197241914,0.12213947391304546,0.0,2.313791404609034e-05,0.0021011528970248943,0.0021622224815248826,0.07318115080202119,0.0,9.137150577949709e-05,6.595172245548468e-05,0.0,1.503695622703757e-37
4.71,0.2382742993036145,0.12293385467274633,0.0,2.6457107596742264e-05,0.002263956454370997,0.002466533829375772,0.057347637320861164,0.0,7.591595326612536e-05,4.965146747308485e-05,0.0,5.542580210902567e-37
4.72,0.2379079393322424,0.12271083616587905,0.0,2.772994006918608e-05,0.0022169545707655873,0.0025758290153915014,0.04444470679732187,0.0,4.7878447016754685e-05,2.345864631816822e-05,0.0,1.0049509496139798e-36
4.73,0.23536881419968433,0.12143992847472522,0.0,2.6266280868398152e-05,0.001908781565410668,0.0024252619195327353,0.03475468324064916,0.0,6.989204906536792e-06,-1.2379461183867148e-05,0.0,1.4649690307145622e-36
4.74,0.23063084709916393,0.11917991136530187,0.0,2.1494660245912974e-05,0.001303377701951935,0.0019615605442336787,0.028213054398780774,0.0,-4.5670988880940094e-05,-5.648199734764572e-05,0.0,1.8857445905837207e-36
4.75,0.22381015733842083,0.1160660586790101,0.0,1.3057518900588385e-05,0.0003881994991525206,0.0011521797490650035,0.024455341214296433,0.0,-0.00010742999640102543,-0.00010618513181581561,0.0,2.2100391021460432e-36
4.76,0.2151441319180008,0.11229001917823506,0.0,9.082477160324388e-07,-0.0008179233947816009,-5.319438736988737e-06,0.02289609812828802,0.0,-0.00017389608311887576,-0.00015749544804612766,0.0,2.375971734380065e-36
4.77,0.2049601344689475,0.10807516133959709,0.0,-1.4600279827700576e-05,-0.0022582293259721486,-0.0014746147740286892,0.022828060912846497,0.0,-0.00023898674931482149,-0.0002051789483864181,0.0,2.322643850420834e-36
4.78,0.1936388078959969,0.10365089834928833,0.0,-3.264779926448988e-05,-0.0038338102315900423,-0.003173807793257306,0.023526485601972045,0.0,-0.00029515367730857987,-0.0002430122709589882,0.0,1.9971631333227913e-36
4.79,0.18157781803701814,0.09922985261377576,0.0,-5.1912449935707615e-05,-0.0054027994709784765,-0.004971647628471826,0.024342312599867365,0.0,-0.0003338315309882136,-0.0002642118300372751,0.0,1.3626629790460898e-36
4.8,0.16916128662871346,0.0949911825507186,0.0,-7.058312120687296e-05,-0.006783914573817012,-0.006687961965748453,0.024769826457054604,0.0,-0.00034612090879029757,-0.00026204102932516325,0.0,4.0669384440076645e-37
4.81,0.15673751864888125,0.0910716654270233,0.0,-8.642947959141311e-05,-0.007765066546954826,-0.008099292528929512,0.02448110312569493,0.0,-0.0003236924653342907,-0.00023057591585238683,0.0,-8.508452467677129e-37
4.82,0.1446042686898465,0.08756384787126384,0.0,-9.693739137081004e-05,-0.0081173608555292,-0.008950402544424842,0.02332840429387861,0.0,-0.0002598710793776601,-0.0001655866898102949,0.0,-2.351238900333231e-36
4.83,0.1329991476943351,0.08451897835622266,0.0,-9.951226830516478e-05,-0.007614287656916168,-0.008971829504745999,0.021322259436637726,0.0,-0.00015082775525752367,-6.546803821210312e-05,0.0,-3.993061886507129e-36
4.84,0.12209364887661003,0.08195212104542408,0.0,-9.174600519472965e-05,-0.006055252285517641,-0.007903010630360755,0.01859503903265612,0.0,3.224687730852892e-06,6.787239964277984e-05,0.0,-5.631982763746727e-36
4.85,0.1119909993811281,0.0798474234263567,0.0,-7.173495993403503e-05,-0.003291873419996859,-0.0055197446456260214,0.01535871023195863,0.0,0.0001969648105017218,0.0002282782029714627,0.0,-7.085278067505064e-36
4.86,0.10272879440490713,0.07816234914943325,0.0,-3.842739628294393e-05,0.0007452608380649296,-0.0016639298636712107,0.011863344218103799,0.0,0.0004191792197240604,0.0004048851026116357,0.0,-8.141819441164229e-36
4.87,0.09428714838958097,0.07683048757538292,0.0,8.030249696892294e-06,0.006022355597069116,0.0037272818338298513,0.008360852989170187,0.0,0.0006524282095785984,0.0005820662312630092,0.0,-8.57789300047706e-36
4.88,0.08660258009541588,0.07576322969943176,0.0,6.598701057491555e-05,0.012384161900127531,0.010596445974759484,0.005076598300728843,0.0,0.000873321756375371,0.0007398997975996029,0.0,-8.178659129787214e-36
4.89,0.07958662189398616,0.07485110671006939,0.0,0.00013206563650631237,0.01954539939845973,0.018748846173436723,0.002189984632917961,0.0,0.0010535446211511594,0.000855252684128281,0.0,-6.764383287766956e-36
4.9,0.07314594974278664,0.07396587854584437,0.0,0.00020107277206272067,0.027095332130278295,0.027847536799510672,-0.0001760529530640175,0.0,0.0011617259229976572,0.0009035325237486293,0.0,-4.21980553992139e-36
4.91,0.06719935275528123,0.07296451838977375,0.0,0.0002660864657538961,0.0345182649280399,0.03742384738290412,-0.001957623236263708,0.0,0.0011661838390321696,0.0008611038810243016,0.0,-5.242302597002129e-37
4.92,0.06168795293115412,0.07169605865008355,0.0,0.0003187589720298181,0.0412313961308673,0.04690558948008888,-0.003146025568385766,0.0,0.0010384917857825518,0.0007082935131087633,0.0,4.220811242405131e-36
4.93,0.05657794867700314,0.07001182139946359,0.0,0.00034985918458719595,0.04663944529823956,0.05566321498648141,-0.0037792515355263914,0.0,0.000757712941430256,0.0004328297417828003,0.0,9.770047148908648e-36
4.94,0.051857220501765375,0.0677788223530302,0.0,0.00035005911315660155,0.05020274309432159,0.06307130717884771,-0.003930663502590478,0.0,0.00031504258312826277,3.347841292974515e-05,0.0,1.5723138326208172e-35
4.95,0.04752740448128808,0.06489511329455626,0.0,0.000310943124019325,0.05151204349708929,0.06857900352064236,-0.0036965319120376428,0.0,-0.00028150740107281045,-0.00047643846889496125,0.0,2.15275281310326e-35
4.96,0.04359295107428386,0.06130461793222542,0.0,0.0002261885388481212,0.050359472389650786,0.07177852684851588,-0.0031838492183577107,0.0,-0.0010028376874430742,-0.0010660151325089767,0.0,2.649895507192374e-35
4.97,0.04004949157320122,0.057008055433779195,0.0,9.283381556410733e-05,0.04679210989534732,0.07245756891768432,-0.002499503182351756,0.0,-0.0017954212800295488,-0.0016846310303998311,0.0,2.9862088839241945e-35
4.98,0.036874657243803746,0.052066705380301954,0.0,-8.748104746671102e-05,0.04113553824847809,0.07062233082684166,-0.0017415324390536722,0.0,-0.0025794278974508606,-0.002261114846829453,0.0,3.0812176205215464e-35
4.99,0.03402391916271153,0.04659760332901978,0.0,-0.00030744426598256234,0.03398111068754552,0.06648583367387617,-0.0009928407388965009,0.0,-0.0032488067492304523,-0.00270454630894877,0.0,2.859648866931801e-35
5.0,0.03143226678133953,0.04076144318048738,0.0,-0.0005533327424607816,0.02614008320928354,0.060427251552461564,-0.0003174412158617203,0.0,-0.003673713567175347,-0.0029069283435667176,0.0,2.2611841373971566e-35
5.01,0.029020912214364095,0.034746295242741664,0.0,-0.0008047686802447495,0.01857461503902351,0.05293545509312603,0.00024094333285636706,0.0,-0.003705487594151775,-0.0027477963493548474,0.0,1.2511668031346613e-35
5.02,0.026707250870396586,0.028750400250240254,0.0,-0.0010351251151492786,0.012317319986852421,0.044550288553568074,0.0006582749601220323,0.0,-0.0031841352466802403,-0.0021006162543677808,0.0,-1.686671855902936e-36
5.03,0.024415831654321655,0.022966337288673474,0.0,-0.001212699593368059,0.008389299288025924,0.03581068843133549,0.0009280480023296321,0.0,-0.0019479732964538406,-0.0008405737492015905,0.0,-1.9506203897459308e-35
5.04,0.022088159920965883,0.01756771773023723,0.0,-0.0013027187995506494,0.007724109590104432,0.027213493006415502,0.0010580908657076209,0.0,0.00015524774276490428,0.0011469007387105747,0.0,-3.9940007123744106e-35
5.05,0.01968987157449138,0.012698772960318482,0.0,-0.0012701576784593096,0.011103104489733978,0.019183142122762044,0.0010668128115968933,0.0,0.0032567388588289332,0.0039577559209546306,0.0,-6.142084923064709e-35
5.06,0.017214617284055427,0.008466926101727739,0.0,-0.0010832571180877117,0.019106106448651707,0.012051239222941223,0.0009793340704815762,0.0,0.007455835946218632,0.007662128178143065,0.0,-8.184488008884367e-35
5.07,0.014684316287417135,0.004938484624037932,0.0,-0.0007175102033877477,0.0320801903482788,0.006045370046475955,0.0008238572956604891,0.0,0.012811291278026339,0.01229938271845111,0.0,-9.866125329463458e-35
5.08,0.012145576464975855,0.0021376157447805934,0.0,-0.0001597672835942253,0.050128186126407896,0.00128701120458048,0.0006285431437610094,0.0,0.019335941652128253,0.01787624154691436,0.0,-1.0903541037352007e-34
5.09,0.009662621068125717,4.857813460252518e-05,0.0,0.0005880032987467786,0.07311704218278005,-0.002202044261914906,0.00041905425106782,0.0,0.026995607585077665,0.024368410506489788,0.0,-1.1008765924245039e-34
5.1,0.007307925425777541,-0.0013791513893463738,0.0,0.0015058540850706279,0.10070434048591552,-0.0044861846111771625,0.00021683948338668005,0.0,0.03571242668802367,0.031725471281514164,0.0,-9.920075738181289e-35
5.11,0.005152336757021655,-0.0022235408162777945,0.0,0.00255450609657541,0.132379286688543,-0.005697518206940275,3.8150945764960195e-05,0.0,0.045372077927729945,0.03987811415253567,0.0,-7.438086254731506e-35
5.12,0.0032563745854572745,-0.0025813459856147644,0.0,0.003676111866891745,0.16751293761939484,-0.006014827101350922,-0.00010627588895302315,0.0,0.05583374683850404,0.048746261411559445,0.0,-3.4646094869684646e-35
5.13,0.0016638607915160759,-0.0025590774108223083,0.0,0.004797664499237784,0.20541171003441225,-0.005642205448242648,-0.00021099160033598212,0.0,0.06694137653880339,0.05824640681884396,0.0,1.959301969645612e-35
5.14,0.0003983713221912682,-0.002264451392497263,0.0,0.005837418105412125,0.24536844361051877,-0.004789304990238191,-0.0002751886182876021,0.0,0.07853475666541831,0.06829659643774452,0.0,8.620563723248351e-35
5.15,-0.0005375352844640558,-0.001799009468452633,0.0,0.006714419176916756,0.2867062864938948,-0.0036546219263308135,-0.00030178737027615715,0.0,0.09045923557940287,0.07881785430754389,0.0,1.61115708774008e-34
5.16,-0.0011607175351868722,-0.0012523670366707167,0.0,0.007360876082805003,0.32881214355789634,-0.002412719413420301,-0.0002963898265659225,0.0,0.10257320238079397,0.08973144806303207,0.0,2.382327186967846e-34
5.17,-0.0015040847990216136,-0.0006983203903567174,0.0,0.007736615759929326,0.37115810169990565,-0.0012057570532300298,-0.0002662200692088937,0.0,0.11475290015807563,0.10095213170133668,0.0,3.095874812696069e-34
5.18,-0.0016121443987377022,-0.00019282959922298974,0.0,0.007844300866474375,0.41331090679811894,-0.000139242638996763,-0.00021914732247154433,0.0,0.12689454788670462,0.11237833807382508,0.0,3.6571292290673245e-34
5.19,-0.0015361176743869391,0.0002262788858742088,0.0,0.007743422298371345,0.4549310607011651,0.0007184369839727947,-0.00016285946954247338,0.0,0.13891412864480035,0.12388117275277469,0.0,3.962932903424322e-34
5.2,-0.001329190975704067,0.000538171571383895,0.0,0.007560361567672333,0.49576434017954185,0.0013333958570127607,-0.00010422751907860797,0.0,0.1507455230812956,0.13529494245531723,0.0,3.9108171300920884e-34
5.21,-0.0010423386589964918,0.0007367859049258373,0.0,0.007491123417582482,0.5356294384052687,0.0017013646419508756,-4.8876215786595194e-05,0.0,0.16233790871662973,0.14641274283645814,0.0,3.4105623728499542e-34
5.22,-0.0007210103134413363,0.0008279112734390137,0.0,0.0077930836815745105,0.5744057985050824,0.001841401135808183,-9.5473666307465e-07,0.0,0.17365345019874417,0.1569909487358099,0.0,2.3974996091148347e-34
5.23,-0.00040283206341449224,0.0008259447570860044,0.0,0.008763142406091025,0.6120251593487525,0.0017890052082990928,3.691481195631469e-05,0.0,0.1846661580801916,0.16676550207482974,0.0,8.465430163099957e-35
5.24,-0.00011634535017099136,0.0007506498574320164,0.0,0.010702540550140612,0.6484686661469904,0.0015893367843674256,6.354422528732748e-05,0.0,0.19536233274900927,0.17548020471402495,0.0,-1.21440767138361e-34
5.25,0.00011929528715844167,0.0006241822948594664,0.0,0.013872360756789104,0.6837691483211313,0.0012910854959585192,7.89801386815596e-05,0.0,0.2057423867642135,0.18292367136716148,0.0,-3.6933520744779255e-34
5.26,0.00029381698528862144,0.0004685722706085768,0.0,0.01844652334273775,0.7180163384702203,0.0009413730881745626,8.42389156428591e-05,0.0,0.21582333941010454,0.18896892554055242,0.0,-6.427208807703729e-34
5.27,0.0004047111382594763,0.0003037761969255307,0.0,0.02446992780753492,0.7513619531037808,0.0005819030901117085,8.101267766338513e-05,0.0,0.2256410586912031,0.19360875163048458,0.0,-9.180853836521378e-34
5.28,0.00045571565532756824,0.0001463399889866441,0.0,0.031828704933895835,0.784021515949203,0.00024642118405566755,7.137832441900072e-05,0.0,0.23525133895916805,0.19698046380200893,0.0,-1.1653898715500502e-33
5.29,0.00045510257354035695,8.655763811348543e-06,0.0,0.04023806582303671,0.8162702482571064,-4.057576514817676e-05,5.753439210529409e-05,0.0,0.24472904999811446,0.19937504739791276,0.0,-1.3496532299579736e-33
5.3,0.00041395313108691134,-0.00010125265397582106,0.0,0.049251223158066654,0.848431165490612,-0.0002640382086039427,4.15829031797052e-05,0.0,0.25416484250968147,0.20122743394004475,0.0,-1.4335098364973452e-33
5.31,0.00034456727821946027,-0.00017951140718701358,0.0,0.05829025028592794,0.8808547405226047,-0.00041768720661979763,2.536579267103124e-05,0.0,0.26365925543219,0.2030870491155299,0.0,-1.3807181111679441e-33
5.32,0.000259113528599369,-0.00022585812416909187,0.0,0.06669653142746822,0.9138911072158882,-0.0005027093266985985,1.0358690167585073e-05,0.0,0.2733145392807297,0.20557072693059739,0.0,-1.160485383650337e-33
5.33,0.0001685829785425685,-0.00024289947979943164,0.0,0.07379524001072493,0.9478574572262747,-0.0005260719543005466,-2.3807728929512807e-06,0.0,0.2832249930272658,0.20930305703488516,0.0,-7.523479136493028e-34
5.34,8.207222186245261e-05,-0.00023527380706763097,0.0,0.07896650692138864,0.9830042651947408,-0.0004986878530618059,-1.2217136055405068e-05,0.0,0.2934668911433789,0.2148508884136627,0.0,-1.5121321753024564e-34
5.35,6.386628367519088e-06,-0.00020881269526430365,0.0,0.08171653066621645,1.0194837550496252,-0.00043362220561477883,-1.8903446812323684e-05,0.0,0.30408900687361845,0.2226581913287312,0.0,6.279515377239615e-34
5.36,-5.407022944602872e-05,-0.00016977550761707665,0.0,0.08174329388641573,1.0573233163026634,-0.00034449050353975056,-2.2520709925230735e-05,0.0,0.3151045278466718,0.23298619187969635,0.0,1.5464004917407298e-33
5.37,-9.717262964567471e-05,-0.00012420858161326417,0.0,0.07899083142093637,1.0964068241524847,-0.0002441473848433215,-2.3401435677324555e-05,0.0,0.326485224956089,0.2458643500866369,0.0,2.5395322794856242e-33
5.38,-0.00012277519004359107,-7.745891629995912e-05,0.0,0.07368267800330357,1.136468201144251,-0.00014371975910759473,-2.2047342071267468e-05,0.0,0.33815913067548964,0.2610607734703272,0.0,3.517126506767377e-33
5.39,-0.00013230485510000475,-3.385226407050777e-05,0.0,0.06632297308738437,1.1771021938313686,-5.1996067578499784e-05,-1.904965121578567e-05,0.0,0.35001316410245,0.2780825772882563,0.0,4.366487755931681e-33
5.4,-0.00012830164561756575,3.470979393355827e-06,0.0,0.05765738318211212,1.2177950529788018,2.485019798357272e-05,-1.5018408033447708e-05,0.0,0.3619014820857257,0.2962132536789142,0.0,4.958927979933711e-33
5.41,-0.00011395929984856946,3.258112753450533e-05,0.0,0.048595677319159106,1.2579729142391483,8.324924947462873e-05,-1.0525100151801032e-05,0.0,0.3736589349630001,0.31458521781648624,0.0,5.159763100955902e-33
5.42,-9.270607515210197e-05,5.267296520618425e-05,0.0,0.04010801412179388,1.2970611537644399,0.0001219979161088415,-6.06078856750404e-06,0.0,0.3851177240534187,0.3322764079894678,0.0,4.8416566592207544e-33
5.43,-6.785391347155028e-05,6.389911186692435e-05,0.0,0.033112103392721776,1.3345462552394096,0.00014186528592964506,-2.010133620579955e-06,0.0,0.39612488554795783,0.348415252940428,0.0,3.900726948389206e-33
5.44,-4.2332205855867665e-05,6.71546152240598e-05,0.0,0.028367629849903327,1.3700323441729836,0.00014510890543873172,1.359771907286249e-06,0.0,0.40655842324463,0.36227902959372654,0.0,2.2743707551003554e-33
5.45,-1.8511542874281162e-05,6.384198003054073e-05,0.0,0.02639060610795611,1.4032858665312202,0.00013496284573091976,3.897916749133556e-06,0.0,0.41634029469321787,0.373373899541005,0.0,-4.0714555410768544e-35
5.46,1.8861816769882404e-06,5.564136758438549e-05,0.0,0.027396251333997233,1.4342633635589273,0.00011514843345037068,5.558038313737219e-06,0.0,0.4254448673703121,0.3814885277930298,0.0,-2.9722581293356424e-33
5.47,1.7801736638007575e-05,4.4305012289124454e-05,0.0,0.031275416036029964,1.463119235432449,8.94457109910952e-05,6.3805176445250725e-06,0.0,0.4339020000333261,0.3867165389729369,0.0,-6.360167612855677e-33
5.48,2.8791451564096234e-05,3.1488748842713716e-05,0.0,0.037606428280112736,1.4901925737980586,6.135031814166881e-05,6.470519302163332e-06,0.0,0.4417945066097389,0.3894461229976312,0.0,-9.950745357445785e-33
5.49,3.493610851535381e-05,1.862756406085855e-05,0.0,0.0457012709617034,1.5159738423074591,3.382778260702972e-05,5.975083878415734e-06,0.0,0.4492502109635006,0.3903178521260836,0.0,-1.33997448355369e-32
5.5,3.672312910280024e-05,6.8567678580055e-06,0.0,0.05468194275813725,1.5410533167939788,9.166140559442654e-06,5.06139985256495e-06,0.0,0.45642907894556867,0.3901544057373508,0.0,-1.6286299178684593e-32
5.51,3.4918033247385334e-05,-3.0239554692442355e-06,0.0,0.06357944615092108,1.5660547124649367,-1.1080997285049355e-05,3.897907320265092e-06,0.0,0.46350630001280174,0.38986889185640655,0.0,-1.8139091802512165e-32
5.52,3.04387031009377e-05,-1.0549531074967079e-05,0.0,0.07144405756728858,1.591560123625238,-2.6075070978219406e-05,2.639288728171396e-06,0.0,0.4706529229209889,0.3903620581639705,0.0,-1.8475147492946618e-32
5.53,2.4242875030904532e-05,-1.5559414355650273e-05,0.0,0.07745238181011092,1.6180354406612876,-3.5614716908066835e-05,1.4158383395802041e-06,0.0,0.4780164899935844,0.392421889608066,0.0,-1.6850322757871798e-32
5.54,1.723591796832975e-05,-1.8147224736412115e-05,0.0,0.08099664025771523,1.6457664852931089,-4.001861244619838e-05,3.2721486635842337e-07,0.0,0.485704399102404,0.39663935235726144,0.0,-1.291902835924274e-32
5.55,1.0202685991704718e-05,-1.8598789236889967e-05,0.0,0.08174626301781832,1.674813860353074,-3.998758370240784e-05,-5.598029131543261e-07,0.0,0.4937720642033726,0.40334977939360017,0.0,-6.499030279663917e-33
5.56,3.7643230834502057e-06,-1.732646856565072e-05,0.0,0.07967850031817311,1.7049905512554646,-3.646243031475617e-05,-1.2102077200122722e-06,0.0,0.5022168158811224,0.41260312191298576,0.0,2.3645025700965364e-33
5.57,-1.6414730234698307e-06,-1.4806299382774981e-05,0.0,0.0750783355704022,1.7358636691619096,-3.0490816833115735e-05,-1.6171086672691699e-06,0.0,0.5109777640998743,0.42416283275829136,0.0,1.3343016215391078e-32
5.58,-5.759959580151257e-06,-1.152285839529625e-05,0.0,0.06850723353961662,1.7667812106066116,-2.3112963702282934e-05,-1.7963880408910896e-06,0.0,0.5199417763574072,0.4375337034087221,0.0,2.5785033356625486e-32
5.59,-8.50294958804158e-06,-7.925040751508192e-06,0.0,0.060739786138847805,1.7969240392390862,-1.5272167067603315e-05,-1.7804947082935956e-06,0.0,0.5289556439209055,0.4520193433074825,0.0,3.870185908920065e-32
5.6,-9.921303487728658e-06,-4.394314802299117e-06,0.0,0.05267163418012876,1.8253802097899205,-7.752728310969792e-06,-1.612100031892689e-06,0.0,0.5378437564241159,0.46680603189372527,0.0,5.078688871018478e-32
5.61,-1.0171068495499987e-05,-1.2255929335510308e-06,0.0,0.045209563007046316,1.8512340686665634,-1.1449292257103867e-06,-1.3382006739416797e-06,0.0,0.5464294036142183,0.4810628277150208,0.0,6.047538728215539e-32
5.62,-9.4775725829176e-06,1.3802756264597985e-06,0.0,0.0391597928054328,1.8736591433149568,4.165601581665553e-06,-1.0050899608884219e-06,0.0,0.554556979352523,0.49404320059907697,0.0,6.604896030711668e-32
5.63,-8.101048392111598e-06,3.3141911231063006e-06,0.0,0.03513033240922848,1.8920032136640987,7.988359080006847e-06,-6.54454264288841e-07,0.0,0.5621122935339846,0.5051736834869814,0.0,6.578510523586744e-32
5.64,-6.306472411082614e-06,4.548948481489087e-06,0.0,0.033459575318077035,1.9058554147955975,1.0303367725653175e-05,-3.2069814063981675e-07,0.0,0.5690386548957399,0.5141185156953063,0.0,5.814733341951969e-32
5.65,-4.339367891178666e-06,5.124299036447741e-06,0.0,0.03417881103567012,1.9150875702786467,1.1226861891944558e-05,-2.9472479607670586e-08,0.0,0.5753469853791443,0.5208134619326202,0.0,4.2005638348239937e-32
5.66,-2.4084282052932104e-06,5.129311531575096e-06,0.0,0.03701216015297192,1.9198648434650736,1.0972301918100442e-05,2.0271993714893864e-07,0.0,0.581118808252712,0.5254658688648784,0.0,1.6870974687285232e-32
5.67,-6.750391616650176e-07,4.68414749948665e-06,0.0,0.04141365250822074,1.9206244050095502,9.811124745264382e-06,3.6803479629087675e-07,0.0,0.5865015253090811,0.5285215195443103,0.0,-1.6878524478858972e-32
5.68,7.508416969162386e-07,3.922969953941017e-06,0.0,0.046637544872103,1.9180251630455594,8.036720955079842e-06,4.661423428637991e-07,0.0,0.5916960062999761,0.5306021476702694,0.0,-5.780692180359859e-32
5.69,1.8094325993726273e-06,2.97924146778596e-06,0.0,0.051834305391966706,1.9128759856484558,5.9341090825655895e-06,5.026676581715617e-07,0.0,0.5969371979826958,0.5324207668364589,0.0,-1.0329615031653709e-31
5.7,2.4857479144743966e-06,1.9741928060937696e-06,0.0,0.05616078830129956,1.9060529555572052,3.7567567743322684e-06,4.874395291626652e-07,0.0,0.6024692543685259,0.5346854250609476,0.0,-1.4951957440027178e-31
5.71,2.80143516371329e-06,1.0088004615882858e-06,0.0,0.05888910009763848,1.89841710779991,1.7110661798410716e-06,4.327415908448675e-07,0.0,0.6085175766974287,0.5380055096932094,0.0,-1.9154262841111392e-31
5.72,2.8051318930555383e-06,1.5923268937189412e-07,0.0,0.059495977809687677,1.8907429220388434,-5.1739352463519746e-08,3.5171825028382436e-07,0.0,0.615260910140277,0.5428169777909689,0.0,-2.2357344672686857e-31
5.73,2.5624995533806087e-06,-5.245714244496186e-07,0.0,0.05771648621432714,1.8836651395268662,-1.437182465810152e-06,2.5704209405639795e-07,0.0,0.622806772160551,0.5493408505890378,0.0,-2.3937589387813587e-31
5.74,2.1468750768850215e-06,-1.0177285605819557e-06,0.0,0.05355461607803316,1.877647728062736,-2.4038002046156304e-06,1.5990403277333312e-07,0.0,0.6311726458195265,0.5575810701814741,0.0,-2.3284270294108655e-31
5.75,1.6312278129247152e-06,-1.3172951616695234e-06,0.0,0.047255493717104496,1.8729748213754056,-2.955560992237189e-06,6.9346250879269e-08,0.0,0.6402740158740068,0.5673565350158425,0.0,-1.9870804119056983e-31
5.76,1.081849782668227e-06,-1.4378925625761177e-06,0.0,0.03925242675118117,1.8697603564395777,-3.131908546051543e-06,-8.076188002823562e-09,0.0,0.6499194149226946,0.5783541989093043,0.0,-1.3335779618527986e-31
5.77,5.539649735678008e-07,-1.4067223152699106e-06,0.0,0.03010354938870787,1.8679715433515423,-2.996806148748784e-06,-6.83449589150999e-08,0.0,0.6598126118227939,0.590188636533399,0.0,-3.567383993528172e-32
5.78,8.92361323741811e-08,-1.258536555141568e-06,0.0,0.020429655832224707,1.867460965948572,-2.6279517190998876e-06,-1.0979598030528017e-07,0.0,0.6695625299844592,0.6024564084058264,0.0,9.217234096859825e-32
5.79,-2.8501402546912663e-07,-1.0310123774178814e-06,0.0,0.010860443364097196,1.8680024816524012,-2.107071624304559e-06,-1.3276973615176574e-07,0.0,0.678701867472543,0.614777708317839,0.0,2.440783358529572e-31
5.8,-5.551616212546189e-07,-7.608485191000595e-07,0.0,0.001992521099255994,1.8693268232076163,-1.511914717107468e-06,-1.391601777692012e-07,0.0,0.6867154209937264,0.6268216137506297,0.0,4.096338733010585e-31
5.81,-7.195768902433357e-07,-4.80771779334005e-07,0.0,-0.005640458607716245,1.8711537341265803,-9.102878065091495e-07,-1.319228711010894e-07,0.0,0.6930787228137518,0.6383144539822158,0.0,5.74121016062808e-31
5.82,-7.862300926085381e-07,-2.175210988497767e-07,0.0,-0.011587269644468483,1.873218472146483,-3.56222906945387e-07,-1.1459373887961205e-07,0.0,0.6973067890556458,0.6490333001600794,0.0,7.189926243650426e-31
5.83,-7.699634281111411e-07,9.22283445612503e-09,0.0,-0.015491075822690957,1.8752914886903609,1.1183910360115018e-07,-9.085792796318595e-08,0.0,0.6990115996376025,0.6587883413493033,0.0,8.229042574758363e-31
5.84,-6.89738399842054e-07,1.870704927609636e-07,0.0,-0.01709710617575252,1.8771909591638414,4.711158928357984e-07,-6.419558366665547e-08,0.0,0.697965482465174,0.6673989476929557,0.0,8.63333406254874e-31
5.85,-5.661047734856667e-07,3.10477149351641e-07,0.0,-0.016258854852385075,1.8787885466450596,7.13166149420913e-07,-3.761895585942602e-08,0.0,0.6941660036888258,0.6746685717095553,0.0,8.187638378805762e-31
5.86,-4.1906582099521033e-07,3.7980095415848084e-07,0.0,-0.012944647145844982,1.8800093027258864,8.415953680331291e-07,-1.3504301130052032e-08,0.0,0.6878964614817469,0.6803633608524001,0.0,6.713441381593483e-31
5.87,-2.6644290192651003e-07,4.000529093930453e-07,0.0,-0.007245071581180943,1.880826938514905,8.691923393633887e-07,6.486851727820122e-09,0.0,0.6797748654387396,0.6841985295722167,0.0,4.098525075779165e-31
5.88,-1.227769302409529e-07,3.795125428474971e-07,0.0,0.0006197118487234128,1.8812558485084037,8.148674095642545e-07,2.1408998693735342e-08,0.0,0.6707835964979285,0.6858352686165232,0.0,3.27208206743824e-32
5.89,1.2506633664839603e-09,3.2835690786621593e-07,0.0,0.01029517912530735,1.8813412655417758,7.007024456381464e-07,3.097248235653386e-08,0.0,0.6622720166533199,0.68488937634958,0.0,-4.492018713688447e-31
5.9,9.893665973463267e-08,2.5741688629740075e-07,0.0,0.021293632530790568,1.8811487997426821,5.49347113408173e-07,3.5439561226414435e-08,0.0,0.6559253335541396,0.6809510295392959,0.0,-1.0105230750002812e-30
5.91,1.673014316531715e-07,1.7713827698845728e-07,0.0,0.03300536111706475,1.8807544051338085,3.8191614074707157e-07,3.549428074826279e-08,0.0,0.6536951567839213,0.6736133464133872,0.0,-1.610224799959909e-30
5.92,2.0656222676414028e-07,9.678975603775087e-08,0.0,0.04472351718827623,1.8802355605833871,2.164656714863091e-07,3.210205228905896e-08,0.0,0.6576904448636112,0.6625058433031124,0.0,-2.1920259308484905e-30
5.93,2.194380070955518e-07,2.392852590006474e-08,0.0,0.055685281403936825,1.8796641799177267,6.705960517403821e-08,2.6372207160591815e-08,0.0,0.6700318359306202,0.6473277952621879,0.0,-2.6865362360232096e-30
5.94,2.103823214966005e-07,-3.589063590067554e-08,0.0,0.06512966170227481,1.8791015062697165,-5.6617131132109415e-08,1.9433636575268134e-08,0.0,0.6926774178453329,0.6278761667571628,0.0,-3.015443459319019e-30
5.95,1.848265825351208e-07,-7.919510485515255e-08,0.0,0.07236892662625274,1.8785950183928959,-1.4918020287842164e-07,1.233037401258159e-08,0.0,0.7272333753872297,0.6040635049011641,0.0,-3.0978140003482967e-30
5.96,1.4849778756415968e-07,-1.0450558727160867e-07,0.0,0.07686621621870994,1.8781771948287846,-2.091076113492992e-07,5.940958171380706e-09,0.0,0.7747680040015209,0.5759233430485761,0.0,-2.8583746429601108e-30
5.97,1.0685466337556525e-07,-1.1212509060468397e-07,0.0,0.07830668050850063,1.8778658518081277,-2.3805603729805083e-07,9.228667573265473e-10,0.0,0.8356514102675362,0.5436043593362917,0.0,-2.237387313624067e-30
5.98,6.466654664699914e-08,-1.0384998983473051e-07,0.0,0.07664551932286415,1.8776656930374163,-2.4004353110505524e-07,-2.3186359423227706e-09,0.0,0.9094445386780599,0.5073585362725056,0.0,-1.2014479224549087e-30
5.99,2.574167663952839e-08,-8.264122176657452e-08,0.0,0.07211766009665022,1.877570679835902,-2.2059836075024655e-07,-3.6392088806082014e-09,0.0,0.9948582305611745,0.4675297301974006,0.0,2.457416801254174e-31
6.0,-7.202913660839339e-09,-5.228478158273978e-08,0.0,0.065203177359352,1.877566840897321,-1.8595568116484612e-07,-3.1444045054810363e-09,0.0,1.0897944439715834,0.42454546670702936,0.0,2.0538316925754673e-30
6.01,-3.254846349123658e-08,-1.7060896212817468e-08,0.0,0.0565559976763655,1.8776351827580635,-1.4236223059944697e-07,-1.1618663518635756e-09,0.0,1.1914684438060685,0.3789096897150117,0.0,4.11890151482037e-30
6.02,-4.968390870520234e-08,1.8567999174128647e-08,0.0,0.04691280486655746,1.877754424660084,-9.552706994981474e-08,1.8003288361922818e-09,0.0,1.296597202489115,0.3311928766535784,0.0,6.2806271465380805e-30
6.03,-5.884624071325976e-08,5.024782471897839e-08,0.0,0.03700041451163523,1.8779033550430293,-5.023555667129663e-08,5.1064605106919545e-09,0.0,1.4016312364033667,0.282018683080337,0.0,8.324950424479279e-30
6.04,-6.092037835971145e-08,7.400411672406706e-08,0.0,0.027455857699106117,1.8780626826582572,-1.0125820072730509e-08,8.054536047058897e-09,0.0,1.5030065109735464,0.2320492484525942,0.0,9.993429538156969e-30
6.05,-5.722463178856324e-08,8.649782759570158e-08,0.0,0.018768082789138454,1.8782163261959033,2.2387064769330378e-08,9.943718858533293e-09,0.0,1.5973956964983267,0.18197293733060335,0.0,1.1000024902669323e-29
6.06,-4.9303584290982045e-08,8.526801030809365e-08,0.0,0.011245458677824737,1.8783521472065974,4.606380530640264e-08,1.0145072064103975e-08,0.0,1.6819385923988268,0.1325000394386654,0.0,1.1055451297696069e-29
6.07,-3.8744954522536285e-08,6.895941803164574e-08,0.0,0.0050094802104376735,1.8784621787983682,6.070069518712569e-08,8.172395431999059e-09,0.0,1.7544299234116774,0.0843736731887479,0.0,9.898422325514828e-30
6.08,-2.7031401726704374e-08,3.7526655726294325e-08,0.0,1.2212843647998023e-05,1.8785424357381317,6.69284190258351e-08,3.749221388696094e-09,0.0,1.8134440498524393,0.0384020217413689,0.0,7.332167315454428e-30
6.09,-1.5432861820874104e-08,-7.600899033755708e-09,0.0,-0.0039270001640785415,1.87859241038139,6.598037126096848e-08,-3.1328064767822328e-09,0.0,1.8583840337150126,-0.00448769994296646,0.0,3.2635809804045735e-30
6.1,-4.9402750737982186e-09,-6.341635386672315e-08,0.0,-0.007071308904160113,1.878614364693084,5.9457217184688024e-08,-1.2169764983430597e-08,0.0,1.8894547178619763,-0.043181635751973056,0.0,-2.2586341928207195e-30
6.11,3.762236840578366e-09,-1.2532319921766258e-07,0.0,-0.009708975645540187,1.8786125237296385,4.910910017192972e-08,-2.272167574590174e-08,0.0,1.9075707649655644,-0.07631366531195079,0.0,-9.011337382261128e-30
6.12,1.0292428290275831e-08,-1.8724478241948037e-07,0.0,-0.012095316081990217,1.878592263000845,3.665082751223202e-08,-3.381544767772118e-08,0.0,1.9142176449385417,-0.10222147085132247,0.0,-1.657493162975081e-29
6.13,1.453957071150856e-08,-2.418845003750665e-07,0.0,-0.014400119269559544,1.878559363913297,2.3619237644914962e-08,-4.418033945938955e-08,0.0,1.9112860718486195,-0.11894397762770924,0.0,-2.4327249783038468e-29
6.14,1.6616697280293018e-08,-2.8115886187555875e-07,0.0,-0.016666038235494948,1.8785193906566133,1.1276312837093032e-08,-5.232036896129964e-08,0.0,1.9008995122077557,-0.12427604872765899,0.0,-3.1458288814767234e-29
6.15,1.680329990273222e-08,-2.9681290945471655e-07,0.0,-0.018782487632697388,1.8784772207228289,5.568432027145789e-10,-5.662574930274463e-08,0.0,1.8852514119293524,-0.11588932195513592,0.0,-3.700974897175519e-29
6.16,1.5485506783425096e-08,-2.812092753181041e-07,0.0,-0.020478371626604323,1.8784367415698526,-7.94419930615409e-09,-5.552208532326186e-08,0.0,1.8664647343222158,-0.09151865364588947,0.0,-3.994164174074303e-29
6.17,1.309950852952087e-08,-2.2825918744792192e-07,0.0,-0.021335515007140756,1.878400709049311,-1.3951870382447072e-08,-4.765181500471538e-08,0.0,1.8464818534855243,-0.04920273504643052,0.0,-3.922583284017343e-29
6.18,1.008250377652748e-08,-1.3443760909259662e-07,0.0,-0.020823002087235552,1.8783707498979691,-1.7467634796195648e-08,-3.20774634905847e-08,0.0,1.82698809688013,0.012443763824853056,0.0,-3.396336036514569e-29
6.19,6.833882412451469e-09,2.0228577650750105e-10,0.0,-0.018350771929742136,1.8783474811572654,-1.8710777583737662e-08,-8.491076765952498e-09,0.0,1.8093676460814128,0.0939593077861528,0.0,-2.3518881234161644e-29
6.2,3.6879027892796658e-09,1.711249180268699e-07,0.0,-0.013338831599543084,1.8783307137751963,-1.8053139799765002e-08,2.259075663724903e-08,0.0,1.7946867101548065,0.19480613306968683,0.0,-7.661914692316616e-30
6.21,8.978566546340151e-10,3.6864713908592393e-07,0.0,-0.00529642720609164,1.8783197055181144,-1.5954303621479028e-08,5.967096117180043e-08,0.0,1.7836965049009188,0.3132257326519715,0.0,1.329897411328751e-29
6.22,-1.3692807147631166e-09,5.776505057061487e-07,0.0,0.0060964002495079925,1.8783134291604235,-1.2902805365117576e-08,1.0018224308776694e-07,0.0,1.7768479035678317,0.4462192807183052,0.0,3.840584058728175e-29
6.23,-3.029417889324677e-09,7.778058972132442e-07,0.0,0.02091405349619007,1.878310825129267,-9.367247452399873e-09,1.4049084635945263e-07,0.0,1.774310620110064,0.5896816471869661,0.0,6.598352318565819e-29
6.24,-4.071241610687137e-09,9.444255373215405e-07,0.0,0.03892764283916704,1.878311012755484,-5.759495130366813e-09,1.7601821137047088e-07,0.0,1.7759921781703718,0.7386961690380308,0.0,9.363323171772509e-29
6.25,-4.541688426229334e-09,1.0500191404097635e-06,0.0,0.05957471249407328,1.8783134404669752,-2.4106236062702114e-09,2.0149859469437737e-07,0.0,1.7815552463531232,0.8879649376972053,0.0,1.1830474956484644e-28
6.26,-4.529163980060986e-09,1.066573399832492e-06,0.0,0.081965912794071,1.878317962181272,4.4097564123209253e-10,2.113806077255688e-07,0.0,1.7904354055254865,1.0323101339178735,0.0,1.3646032098475282e-28
6.27,-4.146433675541708e-09,9.684986858442002e-07,0.0,0.10493566990079843,1.8783248344223926,2.6508599246294666e-09,2.003668992796298e-07,0.0,1.80186398106413,1.1671505203830712,0.0,1.4433662233349776e-28
6.28,-3.5147520437969907e-09,7.360972798801128e-07,0.0,0.12713970345203768,1.878334635989394,4.16130900331493e-09,1.640693915825709e-07,0.0,1.8149012665310793,1.288854817493029,0.0,1.3830204360406462e-28
6.29,-2.750385757760688e-09,3.593099551392669e-07,0.0,0.14719603645607782,1.878348119075138,4.988035828287092e-09,9.973862265110329e-08,0.0,1.8284839415451892,1.3949101723647064,0.0,1.152951818261957e-28
6.3,-1.9542632702249114e-09,-1.585990177129022e-07,0.0,0.16385778014116228,1.8783660073234905,5.203279963450709e-09,7.006402221915608e-09,0.0,1.841487043706381,1.4839037909132615,0.0,7.331765047985653e-29
6.31,-1.2050891086903233e-09,-7.978432928821203e-07,0.0,0.17619541725203328,1.8783887621530835,4.917528672622779e-09,-1.1143682340947935e-07,0.0,1.852796395318618,1.5553677684788745,0.0,1.1941064868513314e-29
6.32,-5.55918556742965e-10,-1.5198876424001474e-06,0.0,0.18375441608565252,1.8784163434532979,4.261755973411597e-09,-2.4932238334327527e-07,0.0,1.8613837497059567,1.6095597705084046,0.0,-6.722427716401019e-29
6.33,-3.39136678241544e-11,-2.2667010035270783e-06,0.0,0.18664570006505377,1.878447994104147,3.371624819503666e-09,-3.9654140376121293e-07,0.0,1.8663761321309293,1.6472475626281835,0.0,-1.6016132433317508e-28
6.34,3.5720036485351897e-10,-2.9619697888875976e-06,0.0,0.18553229602436458,1.8784820792664234,2.3746200776037146e-09,-5.392385104621064e-07,0.0,1.867112797129332,1.6695459003948308,0.0,-2.602466589673558e-28
6.35,6.325907977613206e-10,-3.5146633192893715e-06,0.0,0.18150206393900825,1.8785160105884111,1.3806187553013953e-09,-6.603461589517608e-07,0.0,1.8631854765409404,1.6778263228564647,0.0,-3.582866877596493e-28
6.36,8.203655727466611e-10,-3.825187326476647e-06,0.0,0.17585320794743428,1.8785462819619587,4.759959393386953e-10,-7.406184566466517e-07,0.0,1.8544587137597714,1.6736898408489025,0.0,-4.428488684140713e-28
6.37,9.54910883928859e-10,-3.794137450007558e-06,0.0,0.16984471543213314,1.8785686369070023,-2.7896542030833663e-10,-7.601837188980514e-07,0.0,1.8410681532445186,1.658971728641543,0.0,-5.009303388568766e-28
6.38,1.0701897930924016e-09,-3.333379139456264e-06,0.0,0.1644673391936608,1.878578377915366,-8.498329091940362e-10,-7.005826023044783e-07,0.0,1.8233967654031926,1.6357438630074554,0.0,-5.189802229557027e-28
6.39,1.1936181244370255e-09,-2.3788485952166733e-06,0.0,0.16027878563983952,1.8785708152455804,-1.2255713087617919e-09,-5.471958752785483e-07,0.0,1.8020315362634194,1.6062879987001875,0.0,-4.842569884224844e-28
6.4,1.3410561119303126e-09,-9.041157831779642e-07,0.0,0.15732977599554407,1.8785418371722893,-1.4145600556527874e-09,-2.918969022182544e-07,0.0,1.7777051233868122,1.5730246299594681,0.0,-3.8646004108600915e-28
6.41,1.5133596614076887e-09,1.0665914374615646e-06,0.0,0.15519038107838495,1.878488566398652,-1.439753539728716e-09,6.430526934837788e-08,0.0,1.7512281178696711,1.5383932469280404,0.0,-2.1952798263039234e-28
6.42,1.694826200071466e-09,3.4474923324046685e-06,0.0,0.1530692550810274,1.8784100495114444,-1.3335891759464318e-09,5.089280913675703e-07,0.0,1.72341811713874,1.5046909177182448,0.0,1.6551397684996475e-29
6.43,1.8537472048613227e-09,6.084268052186594e-06,0.0,0.150002037223369,1.8783079096887565,-1.1331423199955387e-09,1.0163243272746275e-06,0.0,1.6950321234867285,1.4738877910967856,0.0,3.141171863853843e-28
6.44,1.9451416441223928e-09,8.752810420965472e-06,0.0,0.14506982090299483,1.8781868794040097,-8.758999366149262e-10,1.546998647555001e-06,0.0,1.6667090067594796,1.4474500350086978,0.0,6.566276515554503e-28
6.45,1.91559081272092e-09,1.1165381898344563e-05,0.0,0.1375980551798955,1.8780551218766577,-5.963921078915664e-10,2.0482781741637316e-06,0.0,1.6389285706527255,1.4262092106296784,0.0,1.0181145125885882e-27
6.46,1.709926001034566e-09,1.2985491027920869e-05,0.0,0.1272889970085499,1.8779242498021549,-3.237948104312927e-10,2.4566256995450234e-06,0.0,1.6119921279731306,1.4103137787552653,0.0,1.3635373176453471e-27
6.47,1.2793396653881186e-09,1.3852170024068775e-05,0.0,0.11426216003272567,1.877808959539245,-8.050837961984513e-11,2.7017794046604425e-06,0.0,1.5860257705619434,1.3992779890532978,0.0,1.6502400245622095e-27
6.48,5.903058932579307e-10,1.341348155730583e-05,0.0,0.09900818517893695,1.8777262200200098,1.1837026244361863e-10,2.712749451591013e-06,0.0,1.561002901902266,1.3921142985322457,0.0,1.8306437280736395e-27
6.49,-3.664806335227588e-10,1.1368010818581992e-05,0.0,0.0822842352894206,1.8776939889297601,2.6482444791387965e-10,2.425503842814218e-06,0.0,1.5367794345742096,1.387515005029757,0.0,1.8562081729158323e-27
6.5,-1.5680891008581559e-09,7.511878773368576e-06,0.0,0.06498455061477908,1.8777294737940478,3.571220295827343e-10,1.7919434547337106e-06,0.0,1.5131344551205925,1.3840453547846874,0.0,1.6825625928919254e-27
6.51,-2.9533067831178296e-09,1.7875386021683074e-06,0.0,0.048013627649910746,1.8778470107164924,3.98637827294799e-10,7.895157226329512e-07,0.0,1.4898103307866493,1.3803184433340698,0.0,1.2755499248374184e-27
6.52,-4.419643268358951e-09,-5.670583324246608e-06,0.0,0.032180239605284995,1.87805569525059,3.96478087122103e-10,-5.69428933992205e-07,0.0,1.4665479515385762,1.3751331376718618,0.0,6.177583939137957e-28
6.53,-5.824404397831167e-09,-1.4499515026070156e-05,0.0,0.018122232911993386,1.878356963230973,3.6006923623214025e-10,-2.229645608504578e-06,0.0,1.443114458162966,1.3675659290973385,0.0,-2.85053906402061e-28
6.54,-6.990679590882796e-09,-2.408672752306907e-05,0.0,0.006265416328198566,1.8787423777699919,2.9984201886595365e-10,-4.08762157496493e-06,0.0,1.4193222456720032,1.3570153111169343,0.0,-1.3983833674354523e-27
6.55,-7.718780102360575e-09,-3.357119098106053e-05,0.0,-0.0031851173062153156,1.8791919242586164,2.261060249823582e-10,-5.99011988537665e-06,0.0,1.3950392036665105,1.3432029595122321,0.0,-2.6551008431266492e-27
6.56,-7.803225217512023e-09,-4.187230041811772e-05,0.0,-0.010226331087300373,1.8796731396245856,1.4817286201063966e-10,-7.73785219597825e-06,0.0,1.3701910396854828,1.3261397805131518,0.0,-3.954152813248247e-27
6.57,-7.054807935919673e-09,-4.7750935471638895e-05,0.0,-0.015018392369806358,1.8801413968910687,7.375213504299177e-11,-9.095248896769321e-06,0.0,1.3447571288888664,1.3060669864393106,0.0,-5.1626802771251696e-27
6.58,-5.326607609989537e-09,-4.990449544484024e-05,0.0,-0.017833647486148428,1.880541623857291,8.615409372453659e-12,-9.806877425721942e-06,0.0,1.3187616638933,1.28338301647194,0.0,-6.1222368906561146e-27
6.59,-2.542099104142063e-09,-4.7094473276830554e-05,0.0,-0.019001356177271948,1.880811650205483,-4.349910799201436e-11,-9.620469414975496e-06,0.0,1.2922619767073646,1.2585666360624606,0.0,-6.659515584392848e-27
6.6,1.2772002152458206e-09,-3.8301134978187086e-05,0.0,-0.0188553061100154,1.8808872484947892,-8.07837364667489e-11,-8.315773159557772e-06,0.0,1.265335813975872,1.2321052200350122,0.0,-6.601602161133806e-27
6.61,5.987722890824176e-09,-2.2895405251095072e-05,0.0,-0.017690103555357408,1.8807087636438569,-1.0311125024237753e-10,-5.737591158035027e-06,0.0,1.2380691145586646,1.204435333384381,0.0,-5.7952767700942825e-27
6.62,1.1307097032636973e-08,-8.134956072016082e-07,0.0,-0.015730295174673305,1.8802290201827558,-1.116905984924499e-10,-1.8304580782729427e-06,0.0,1.210545511859768,1.175900519740599,0.0,-4.129306268763073e-27
6.63,1.680841647083919e-08,2.7284371302797473e-05,0.0,-0.01311468415184984,1.8794219701204327,-1.0867847940302134e-10,3.3284499085892588e-06,0.0,1.1828384055963101,1.1467288993804172,0.0,-1.5580549323075067e-27
6.64,2.192909202821044e-08,5.989302133648012e-05,0.0,-0.009896398298536795,1.8782913159259915,-9.679010615493868e-11,9.502301189850558e-06,0.0,1.1550060562727809,1.1170309326064405,0.0,1.8758540136562375e-27
6.65,2.5997177198553742e-08,9.460272421567459e-05,0.0,-0.006057558102931712,1.8768781373270589,-7.894340759438175e-11,1.6278068872937297e-05,0.0,1.1270897809787048,1.086815646990808,0.0,6.0225964089504435e-27
6.66,2.8276901838619472e-08,0.0001281239806457057,0.0,-0.0015358676485663413,1.8752663957874576,-5.796073712197289e-11,2.306510841975208e-05,0.0,1.0991149947115662,1.0560218531559156,0.0,1.0613025269507337e-26
6.67,2.803348611675137e-08,0.00015641656780492034,0.0,0.003740814477885514,1.8735851168436524,-3.634203759867264e-11,2.9113062408240784e-05,0.0,1.0710945643648917,1.0245594559439961,0.0,1.5256544068505122e-26
6.68,2.4615192866227188e-08,0.00017493645781648347,0.0,0.009816805891024094,1.8720060870529092,-1.6114204983901625e-11,3.355228436928327e-05,0.0,1.0430337347831682,0.9923549663263231,0.0,1.945189230289061e-26
6.69,1.7548122124517528e-08,0.00017900478153786377,0.0,0.016673258842299993,1.8707360735561822,1.2462799433464667e-12,3.5458328209750087e-05,0.0,1.014935756074157,0.9593947911172434,0.0,2.2613109462401664e-26
6.7,6.636637560049064e-09,0.0001642905696114675,0.0,0.0242006527116494,1.8700028959161294,1.4826176323571198e-11,3.393979076734659e-05,0.0,0.9868072944590287,0.9257598820504337,0.0,2.4111866329141286e-26
6.71,-7.940212402263274e-09,0.00012738414079331345,0.0,0.03218416896714301,1.8700351548760428,2.4236293696142926e-11,2.8246008668649756e-05,0.0,0.9586627497470583,0.8916459277539361,0.0,2.3335854421927556e-26
6.72,-2.5548052013262476e-08,6.642172428184322e-05,0.0,0.04030592604968794,1.8710360373176267,2.9534720711284606e-11,1.78879646524158e-05,0.0,0.9305267347608202,0.8573645399826854,0.0,1.9761058769193427e-26
6.73,-4.504549083266675e-08,-1.8294375448025054e-05,0.0,0.04816629723119361,1.8731523377503039,3.112714180343626e-11,2.7625055974233925e-06,0.0,0.9024341989081799,0.8233228858766788,0.0,1.303361458092211e-26
6.74,-6.477488655158737e-08,-0.00012375022706259778,0.0,0.055324038659180286,1.8764406098606226,2.965781438123791e-11,-1.673305291738737e-05,0.0,0.8744280019990331,0.7899820079373322,0.0,3.054731190929717e-27
6.75,-8.260795977013057e-08,-0.0002438300467790978,0.0,0.061351681036782096,1.8808331121430042,2.5902725760064275e-11,-3.961126595032118e-05,0.0,0.8465541662959396,0.7577976901485425,0.0,-9.939921836006724e-27
6.76,-9.605590022447303e-08,-0.0003691664391724665,0.0,0.06589858027275616,1.8861068470474525,2.0673821539076407e-11,-6.424652185310535e-05,0.0,0.8188555533405348,0.727152180167531,0.0,-2.5316664912229636e-26
6.77,-1.024490313443022e-07,-0.0004873124040150664,0.0,0.06874949126018588,1.8918594094903043,1.4740346858236425e-11,-8.838516686472075e-05,0.0,0.7913652899006307,0.6982900284700722,0.0,-4.2007397733854975e-26
6.78,-9.918473883975499e-08,-0.0005833025023849224,0.0,0.0698632810310478,1.897495451649932,8.770565595643767e-12,-0.00010922831488176914,0.0,0.7641016984922674,0.6712748484104354,0.0,-5.851164937813473e-26
6.79,-8.403444545619167e-08,-0.0006406454382062447,0.0,0.06937819448963736,1.9022272402468334,3.294647527434449e-12,-0.00012359769526002726,0.0,0.7370663317423144,0.6459818457712693,0.0,-7.294717798513327e-26
6.8,-5.549138843814682e-08,-0.0006427537083124644,0.0,0.06757931388749261,1.9050919584362673,-1.312507247660144e-12,-0.00012818844892172827,0.0,0.7102456869038763,0.6221309203045468,0.0,-8.315652520807679e-26
6.81,-1.3131534820673572e-08,-0.0005747688731347291,0.0,0.06483673190237886,1.9049870575088124,-4.831222846592207e-12,-0.00011990417077019522,0.0,0.6836157298885172,0.599351128821636,0.0,-8.687270509209454e-26
6.82,4.2048907951530973e-08,-0.0004256857856851257,0.0,0.06153177537923312,1.9007231244878637,-7.183430737947565e-12,-9.625908374570345e-05,0.0,0.6571473897756925,0.5772577247086987,0.0,-8.194149510836737e-26
6.83,1.0736313103961327e-07,-0.00019061970162442276,0.0,0.05798958498270384,1.891091509178713,-8.409547369879068e-12,-5.58206828581606e-05,0.0,0.6308111357410816,0.5555219799547411,0.0,-6.659083413985906e-26
6.84,1.7827853623973657e-07,0.00012699800886665174,0.0,0.05443184922345634,1.874941551053445,-8.63988414578547e-12,1.345526079121018e-06,0.0,0.6045793354420171,0.5339189661120614,0.0,-3.97300557197869e-26
6.85,2.4842483946864816e-07,0.0005135601058179586,0.0,0.05095725850581355,1.8512599718610432,-8.06425161553625e-12,7.327820664911501e-05,0.0,0.5784258709649998,0.5123453326515539,0.0,-1.2537398501335495e-27
6.86,3.0980836315387607e-07,0.0009440589913150159,0.0,0.0475510347380512,1.8192433131486028,-6.902802268428035e-12,0.00015582641726062766,0.0,0.5523232425150416,0.49080596350579764,0.0,4.768230990409896e-26
6.87,3.532640315369625e-07,0.0013818081374254686,0.0,0.04411901929778135,1.7783539519011897,-5.3804024579391735e-12,0.0002425210426402228,0.0,0.5262380756375201,0.46937486361853736,0.0,1.0445107855200627e-25
6.88,3.6915864771414864e-07,0.001779400642507383,0.0,0.04053645513451119,1.728352225344586,-3.7060286328477696e-12,0.00032467104102546293,0.0,0.5001265350026217,0.44814150800688723,0.0,1.6485135325008984e-25
6.89,3.483347779320675e-07,0.002081140046928181,0.0,0.036697832119080356,1.6693018441407375,-2.057924696130578e-12,0.00039173569849801495,0.0,0.4739315088729191,0.42715799558114975,0.0,2.2315187249172156e-25
6.9,2.832549949253505e-07,0.0022270824964619345,0.0,0.03255425925133096,1.601551440795146,-5.745946866025378e-13,0.0004320079470326178,0.0,0.44758329766611077,0.4064021487342264,0.0,2.723171760526326e-25
6.91,1.692731938999007e-07,0.002158693633810708,0.0,0.028130191922111466,1.525699041872388,6.488239333418915e-13,0.0004336197458235596,0.0,0.42100475617328675,0.3857656178348701,0.0,3.0443882074789402e-25
6.92,5.925930550660554e-09,0.0018259530767505104,0.0,0.023519535186272783,1.442547294541658,1.5596379934879213e-12,0.0003858491828466373,0.0,0.3941206881004744,0.36506679481808035,0.0,3.1137917604892773e-25
6.93,-2.0189420617847768e-07,0.0011955440929274023,0.0,0.018867274574289602,1.3530565288486864,2.1431826556068823e-12,0.000280671960926347,0.0,0.3668703471541048,0.34408134230646453,0.0,2.856133490596278e-25
6.94,-4.430450901748858e-07,0.0002595617038838286,0.0,0.014344422917551466,1.2583014895178124,2.416050106227456e-12,0.00011446001102529404,0.0,0.33922145887663724,0.3225811129471412,0.0,2.2122891691669075e-25
6.95,-6.99695684403052e-07,-0.0009560202303141753,0.0,0.010122640154562886,1.1594359917993622,2.418065715563453e-12,-0.00011030908088870337,0.0,0.31118410362366306,0.3003736048156105,0.0,1.1501481006372835e-25
6.96,-9.475113855715195e-07,-0.002384038292096465,0.0,0.0063526773772443835,1.0576676566388292,2.2039883614789554e-12,-0.00038350161079366707,0.0,0.2828228607672117,0.2773363520737763,0.0,-3.2457623079279864e-26
6.97,-1.1566110793804742e-06,-0.00391099200258429,0.0,0.003148870498813688,0.9542424689972698,1.8357249617704746e-12,-0.0006861285320744217,0.0,0.25426572023899086,0.25344264605791655,0.0,-2.158834817892649e-25
6.98,-1.2933966549154157e-06,-0.0053750659032857995,0.0,0.0005804249636364164,0.8504366309247726,1.3756312130681652e-12,-0.000989695700289238,0.0,0.22570843508794705,0.2287765733325633,0.0,-4.24543550741638e-25
6.99,-1.3232858946122195e-06,-0.006568210880372768,0.0,-0.0013308377474301107,0.7475514542115883,8.812470263984793e-13,-0.0012562860593607695,0.0,0.19741325072032748,0.20353660726594994,0.0,-6.420420068845015e-25
7.0,-1.214287660752659e-06,-0.007242924482939472,0.0,-0.0026073007992441014,0.6469061407784067,4.016073202638943e-13,-0.00143951473576339,0.0,0.1697013281800247,0.17802797130966108,0.0,-8.466039604968157e-25
7.01,-9.412484086322036e-07,-0.007123981604015238,0.0,-0.003308350722724709,0.5498233909264842,-2.490778580379116e-14,-0.0014864287069261816,0.0,0.14293869185371658,0.15264477932848608,0.0,-1.0120499638841152e-24
7.02,-4.90478669811073e-07,-0.005924850918953337,0.0,-0.0035206888340051715,0.4576038891430813,-3.7135500193620306e-13,-0.0013403264421139127,0.0,0.11751616804974113,0.12784361582214693,0.0,-1.1095208863603735e-24
7.03,1.356521843781281e-07,-0.0033679201908814738,0.0,-0.003347618059757535,0.37148774147326846,-6.219041842256438e-13,-0.0009443542502329355,0.0,0.09382450563618483,0.10411079187881393,0.0,-1.1099629399576606e-24
7.04,9.146714954846895e-07,0.0007929998495656527,0.0,-0.0028985608572339653,0.2926036416399704,-7.707166696119584e-13,-0.0002456040919392891,0.0,0.07222661755685693,0.08192601693146152,0.0,-9.873008765597387e-25
7.05,1.8011057934277537e-06,0.00675003639887061,0.0,-0.002279777438126883,0.22190955690907688,-8.20338536890165e-13,0.0008006935063851325,0.0,0.053029551419620215,0.06172563997442094,0.0,-7.221316726120905e-25
7.06,2.7253595041847407e-06,0.01462108778811893,0.0,-0.001586935419481234,0.1601315520644353,-7.798933995717316e-13,0.0022273984971549875,0.0,0.03645924988182076,0.04386887164047038,0.0,-3.056682575146927e-25
7.07,3.594970810784715e-06,0.02443491980587607,0.0,-0.0008998707402400129,0.10770939709062437,-6.633062857679972e-13,0.004052694722844334,0.0,0.022641226512806794,0.028610388621203527,0.0,2.5643745833023494e-25
7.08,4.298742874511267e-06,0.036124082609739476,0.0,-0.0002796034294423234,0.06475816001649974,-4.877218326423825e-13,0.006278900213903319,0.0,0.011589796099410092,0.016082293785055542,0.0,9.408490454067488e-25
7.09,4.714063049370168e-06,0.04952746988741361,0.0,0.0002325512097319209,0.031053541317945035,-2.7220580639660434e-13,0.008893308979572394,0.0,0.0032074081508882252,0.006287431459668664,0.0,1.704392711612788e-24
7.1,4.717452665334139e-06,0.06440314246535951,0.0,0.0006140961984568013,0.006045246616524264,-3.67474902773086e-14,0.01187126708687194,0.0,-0.002705877160635542,-0.0008954219397385808,0.0,2.483529246477409e-24
7.11,4.198042733946861e-06,0.08045057543570149,0.0,0.0008591087218451479,-0.011101986729378302,1.9848085494593868e-13,0.015181305437859529,0.0,-0.0064342538953724,-0.005695641459471199,0.0,3.1959451940645703e-24
7.12,3.073264392541177e-06,0.0973400655171728,0.0,0.0009750942669092242,-0.02144461932323485,4.1369668600051794e-13,0.018791704556505064,0.0,-0.008321977705520482,-0.00842665539905312,0.0,3.744655053614082e-24
7.13,1.3056062721587983e-06,0.1147459374847347,0.0,0.0009793841572655524,-0.02618183871589127,5.900268373636607e-13,0.022677462950790376,0.0,-0.008746226436898598,-0.009456998671341126,0.0,4.0248326376219546e-24
7.14,-1.0811353501823567e-06,0.13237957652067972,0.0,0.0008954726613180028,-0.026571663625083588,7.100926906720976e-13,0.02682638845407882,0.0,-0.008090063855880403,-0.009179987708589209,0.0,3.9333452484708554e-24
7.15,-3.9880536788789245e-06,0.15001821506980179,0.0,0.0007496154639156161,-0.02385044312029584,7.587612696211389e-13,0.031242990365587132,0.0,-0.006718089446718695,-0.007985117168183193,0.0,3.380657216032666e-24
7.16,-7.2319645713565304e-06,0.16752577090631962,0.0,0.0005679235266762017,-0.019162962513294822,7.241246215605102e-13,0.035949024315031386,0.0,-0.004956661688391715,-0.006233595877855521,0.0,2.3044168599900634e-24
7.17,-1.0543136942226519e-05,0.18486280709337938,0.0,0.00037409590851472955,-0.013508154938413886,5.987156488727491e-13,0.04097990759637065,0.0,-0.00307980575488589,-0.0042396133918509975,0.0,6.836700654662772e-25
7.18,-1.3572022412136018e-05,0.20208381929887245,0.0,0.0001878506188143595,-0.0077030426190253815,3.8090368002230895e-13,0.04637674783251105,0.0,-0.0013011704202375125,-0.002258091977855888,0.0,-1.4477093728425182e-24
7.19,-1.590665098595721e-05,0.2193215246375867,0.0,2.4040301919882684e-05,-0.002365318690678522,7.634442441755323e-14,0.052174377777203636,0.0,0.00022824067798724065,-0.00047892752445560625,0.0,-3.9900736966999685e-24
7.2,-1.710162253730424e-05,0.2367596133586563,0.0,-0.00010761664552628556,0.002086857372078757,-3.0070547442241513e-13,0.05838652705219759,0.0,0.001417326794650715,0.0009728822930196117,0.0,-6.771420962448151e-24
7.21,-1.6718585960614226e-05,0.25459751770572614,0.0,-0.00020229743525782812,0.005420624389716682,-7.264506775619522e-13,0.06499004761750674,0.0,0.0022282200596518416,0.002032252878655669,0.0,-9.547082207994671e-24
7.22,-1.4376793539481107e-05,0.27301301278776285,0.0,-0.00025945776309583874,0.0075633386377253085,-1.1672677166843976e-12,0.07191087029808947,0.0,0.002666925816518532,0.0026854479012968033,0.0,-1.2007391847334284e-23
7.23,-9.810820712939572e-06,0.2921301395577318,0.0,-0.00028197074976224034,0.008570564585544917,-1.5803361721535915e-12,0.07901487873094763,0.0,0.002772520802420514,0.0029592915697996378,0.0,-1.3794631113687207e-23
7.24,-2.9309654469515896e-06,0.31199941755831906,0.0,-0.00027514917442425724,0.00859095004188175,-1.9154276943419702e-12,0.08610670833976655,0.0,0.0026060496518776296,0.00290945398729699,0.0,-1.452985089386289e-23
7.25,6.119659291728823e-06,0.3325935669991086,0.0,-0.0002457613948067047,0.007831364897841609,-2.118015268355147e-12,0.09293832833541336,0.0,0.002240070791877542,0.0026089391904566303,0.0,-1.384924617449993e-23
7.26,1.6918565118326754e-05,0.35381659210661526,0.0,-0.00020112846437085578,0.006525027482056186,-2.133749874383863e-12,0.09922752916989439,0.0,0.0017495653614361965,0.002137670596414447,0.0,-1.1448606026656704e-23
7.27,2.8735853830466028e-05,0.3755203714613833,0.0,-0.00014836428968162591,0.004904571493618441,-1.914199545831885e-12,0.10468493451859284,0.0,0.001204668853416627,0.001573800723576231,0.0,-7.133070619191488e-24
7.28,4.0532790557191e-05,0.3975224451264608,0.0,-9.379504303537074e-05,0.0031812135911420975,-1.423565064945808e-12,0.10904730250419495,0.0,0.0006654411045020597,0.000987102239401003,0.0,-8.680949900915434e-25
7.29,5.099427987651706e-05,0.4196204227347872,0.0,-4.2570683089113716e-05,0.001530443206854084,-6.458905288860055e-13,0.1121144552825735,0.0,0.00017867596275840728,0.00043455026622507645,0.0,7.173714484207813e-24
7.3,5.8600733451532264e-05,0.4416007064772063,0.0,1.5381005388245457e-06,8.402728350513044e-05,4.0790592509895365e-13,0.11378683471493352,0.0,-0.00022341951953227387,-4.200114234374478e-05,0.0,1.657619754996687e-23
7.31,6.174191689712523e-05,0.46324122915376503,0.0,3.617901693623369e-05,-0.0010723628292934576,1.6940232742548152e-12,0.11410031585505467,0.0,-0.0005229687281355119,-0.0004163022017553258,0.0,2.666051140671256e-23
7.32,5.887139738414006e-05,0.48430946993675805,0.0,6.0324672441044233e-05,-0.001896923317102755,3.1317489163227094e-12,0.11325458337820393,0.0,-0.00071495655905256,-0.000676707088921968,0.0,3.649003287047954e-23
7.33,4.869533645908594e-05,0.5045580885834824,0.0,7.4082716637892e-05,-0.002386083824393324,4.602407122236768e-12,0.11163119922701847,0.0,-0.0008049386755693891,-0.0008240981164001419,0.0,4.490519297535095e-23
7.34,3.0383881817573826e-05,0.5237210926738793,0.0,7.844666852261034e-05,-0.0025666987776369397,5.95221811083387e-12,0.10979757947919956,0.0,-0.0008063069675811467,-0.0008691479375653019,0.0,5.0592405660118314e-23
7.35,3.7877522556862094e-06,0.5415135243393852,0.0,7.502180903065304e-05,-0.002487219012566418,6.999815534540221e-12,0.1084935650000472,0.0,-0.0007374467187591617,-0.0008293022028659607,0.0,5.218858351096881e-23
7.36,-3.0362635245976344e-05,0.557637248700851,0.0,6.575543013089784e-05,-0.0022088391575131967,7.548850643750324e-12,0.10859820194679924,0.0,-0.0006190585507230894,-0.0007258075712300982,0.0,4.841918329058481e-23
7.37,-7.03022849628773e-05,0.5717945966538838,0.0,5.269414945587819e-05,-0.0017974047890415045,7.40565808653397e-12,0.11107579361620004,0.0,-0.0004718454035623914,-0.0005810365532946614,0.0,3.8263449846183646e-23
7.38,-0.00011315005056541823,0.5837104371434678,0.0,3.778382317659148e-05,-0.0013166290499565488,6.40138605667931e-12,0.11690223720766169,0.0,-0.00031469010021374953,-0.00041628101150725035,0.0,2.113580927596367e-23
7.39,-0.00015492909115879324,0.5931618340627552,0.0,2.2720572486270343e-05,-0.0008229362514951415,4.417334294515834e-12,0.12697503879582786,0.0,-0.00016337929978449536,-0.0002501084766591649,0.0,-2.9323942979999184e-24
7.4,-0.00019071445123720703,0.6000129144255651,0.0,8.855161184917444e-06,-0.00036203961521720035,1.411547376689989e-12,0.14201304433086306,0.0,-2.9869874470624217e-05,-9.730608213188245e-05,0.0,-3.313090171745125e-23
7.41,-0.00021492547955587318,0.6042510993542876,0.0,-2.852183517303658e-06,3.281460985155662e-05,-2.5559546539373087e-12,0.1624545804339823,0.0,7.79529674302629e-05,3.1619860848284844e-05,0.0,-6.775156047740142e-23
7.42,-0.00022176947456951882,0.6060196144219626,0.0,-1.1833216961864598e-05,0.00034113618919068256,-7.30247880281408e-12,0.18836502260453844,0.0,0.00015610884230352374,0.0001304625411713733,0.0,-1.0413711247052246e-22
7.43,-0.00020582786941359082,0.6056404068652256,0.0,-1.787850996267188e-05,0.000554298925258457,-1.2510013351232238e-11,0.21936637543580248,0.0,0.00020404788106482427,0.00019695202425648698,0.0,-1.3872161009485003e-22
7.44,-0.0001627581158549633,0.6036214702885238,0.0,-2.107989068643324e-05,0.0006737964021202114,-1.7724202580729568e-11,0.2546017717396533,0.0,0.00022397567898942557,0.00023212389625119594,0.0,-1.6718255151418677e-22
7.45,-9.006438377821618e-05,0.6006433270668271,0.0,-2.1758691246252726e-05,0.0007089791940351783,-2.236817775861084e-11,0.2927463516920591,0.0,0.00022007921220340747,0.0002395314416136412,0.0,-1.8471781232066056e-22
7.46,1.2130020979017588e-05,0.5975212425087583,0.0,-2.0389081398875627e-05,0.0006745819619006452,-2.577369819791907e-11,0.3320722457937599,0.0,0.00019774256082363324,0.0002244035489589252,0.0,-1.8645010428580687e-22
7.47,0.00014039380390595558,0.595142807641344,0.0,-1.752423887814777e-05,0.0005883018663789043,-2.7230791849380386e-11,0.37056887460921606,0.0,0.00016282335738695633,0.00019283365314319825,0.0,-1.6794826690452208e-22
7.48,0.0002874812734729519,0.594384944000999,0.0,-1.3731218782425464e-05,0.00046862976157060847,-2.6055349217478926e-11,0.4061100973703254,0.0,0.00012104054254280775,0.0001510642402791121,0.0,-1.2583885868339905e-22
7.49,0.00044211352079521,0.5960199260241339,0.0,-9.538383203640182e-06,0.0003330706984327156,-2.167198379528075e-11,0.4366473227261072,0.0,7.750354969334646e-05,0.00010490941047607962,0.0,-5.846437349391816e-23
7.5,0.0005891486015837953,0.6006249911601557,0.0,-5.39733627478583e-06,0.00019682710706394818,-1.3707055795527023e-11,0.4603966384748264,0.0,3.6394273655191455e-05,5.933690401707954e-05,0.0,3.3472483690362534e-23
7.51,0.0007102261445164461,0.6085107949637503,0.0,-1.659628730921579e-06,7.19618063680469e-05,-2.084258057795722e-12,0.475987517810166,0.0,7.973898716169074e-07,1.8212497038117686e-05,0.0,1.4635372534152118e-22
7.52,0.0007849420451249127,0.6196779577543934,0.0,1.4328525958774302e-06,-3.2987823654819554e-05,1.2887160880458948e-11,0.482556604464435,0.0,-2.7337467881107246e-05,-1.5805165952011344e-05,0.0,2.732657629197182e-22
7.53,0.0007925649732775941,0.6338018727249319,0.0,3.745863434135922e-06,-0.00011300675158939317,3.044330677267657e-11,0.4797931235427237,0.0,-4.712622567348283e-05,-4.1241888881601435e-05,0.0,4.038829367284951e-22
7.54,0.000714249401916103,0.6502412722551258,0.0,5.241785930082936e-06,-0.0001662935065615437,4.9328486229117925e-11,0.4679536169304408,0.0,-5.860234377527389e-05,-5.7686397684077045e-05,0.0,5.246985963913813e-22
7.55,0.0005356325733334889,0.6680690336258207,0.0,5.962484375508497e-06,-0.00019373809507446934,6.780268228146411e-11,0.4478546261251663,0.0,-6.25198047719439e-05,-6.560150044200858e-05,0.0,6.196713024515771e-22
7.56,0.00024962997169311835,0.6861299938128705,0.0,6.00882960508429e-06,-0.00019827808770568113,8.370480128599114e-11,0.4208333749785076,0.0,-6.013471317528163e-05,-6.60986915717815e-05,0.0,6.713257593867215e-22
7.57,-0.0001408279369393311,0.7031323285352876,0.0,5.51938895058584e-06,-0.00018421549282969862,9.457963057604892e-11,0.3886577005799223,0.0,-5.29891421931136e-05,-6.070365513691578e-05,0.0,6.623082329773029e-22
7.58,-0.0006204374523876139,0.7177720305906893,0.0,4.650323594387233e-06,-0.00015656271838779766,9.787150276364565e-11,0.3533782053692596,0.0,-4.271566955843345e-05,-5.1135114381203386e-05,0.0,5.773456840541812e-22
7.59,-0.0011599054240759498,0.7288779614467803,0.0,3.557997628407748e-06,-0.00012046855206432314,9.118106045837091e-11,0.3171393483459412,0.0,-3.0875334173112784e-05,-3.911356025816319e-05,0.0,4.054994144643392e-22
7.6,-0.0017154538018273216,0.7355561924988335,0.0,2.3852475972962187e-06,-8.07568477322333e-05,7.257354249224342e-11,0.28198263760658454,0.0,-1.8836127989137413e-05,-2.621028064799783e-05,0.0,1.425420338121645e-22
7.61,-0.002229800894982949,0.7373111681661805,0.0,1.2517402192848416e-06,-4.159330263055803e-05,4.091818699891862e-11,0.24967472928505238,0.0,-7.69408522464811e-06,-1.3741380767353406e-05,0.0,-2.0677305383177515e-22
7.62,-0.0026349068559509523,0.7341254103394146,0.0,2.483976636577158e-07,-6.28070516562844e-06,-3.770581115683302e-12,0.2215820775028394,0.0,1.7651334660076181e-06,-2.7065554135585335e-06,0.0,-6.268304201379184e-22
7.63,-0.0028566521884287907,0.7264854483327846,0.0,-5.644819275177942e-07,2.2828788583445928e-05,-6.002757690447435e-11,0.19860118153357856,0.0,9.06936405793707e-06,6.231492730331027e-06,0.0,-1.0899726272596209e-21
7.64,-0.0028214487464007653,0.7153479823753511,0.0,-1.1560257042128203e-06,4.4324001978033945e-05,-1.247103727593664e-10,0.1811436231382279,0.0,1.4034960575187792e-05,1.2733783890775677e-05,0.0,-1.5563405790253512e-21
7.65,-0.0024645679326730173,0.7020470944246878,0.0,-1.5212651394556307e-06,5.76519323590758e-05,-1.9289826441727657e-10,0.1691684296434395,0.0,1.672184484617112e-05,1.6746262107430675e-05,0.0,-1.9750256181233883e-21
7.66,-0.0017397222439558444,0.6881510295859228,0.0,-1.6760921926828695e-06,6.298724708241721e-05,-2.5796155153253126e-10,0.16225044301404049,0.0,1.7376743257593755e-05,1.8444262056363112e-05,0.0,-2.286757320299961e-21
7.67,-0.0006291724143338669,0.6752857311322954,0.0,-1.6514562092572404e-06,6.107796039543332e-05,-3.118391256752634e-10,0.1596718390716994,0.0,1.6372077642784368e-05,1.816864207743461e-05,0.0,-2.4282405216342855e-21
7.68,0.0008466217150282835,0.6649502318945859,0.0,-1.4874701192901616e-06,5.308747752381827e-05,-3.4554942415175873e-10,0.1605241966819765,0.0,1.4146778551714737e-05,1.6360936518498252e-05,0.0,-2.3381024790340992e-21
7.69,0.00262100210206718,0.6583520647583279,0.0,-1.227961036590199e-06,4.044813624581415e-05,-3.4994062227584255e-10,0.1638100343521797,0.0,1.1153795143889598e-05,1.3503411170113596e-05,0.0,-1.964221827129878e-21
7.7,0.004576099396181105,0.6562861078549868,0.0,-9.158482834366692e-07,2.4735709338289515e-05,-3.166609527755404e-10,0.16853501591452014,0.0,7.817480012213766e-06,1.0068231959972657e-05,0.0,-1.2719963473592116e-21
7.71,0.006542168520702427,0.659070213331433,0.0,-5.895784274880919e-07,7.568745509386139e-06,-2.393004772479484e-10,0.17378464579919503,0.0,4.502490640813311e-06,6.478268904001314e-06,0.0,-2.528835204654313e-22
7.72,0.008302521470856312,0.666540207732434,0.0,-2.807058333714927e-07,-9.468289745043037e-06,-1.1462354455719407e-10,0.17878187821276098,0.0,1.4944938800445995e-06,3.0805054245700826e-06,0.0,1.067661099176037e-21
7.73,0.009605023759068125,0.6780969688559012,0.0,-1.2588239945263573e-08,-2.488290267559533e-05,5.6220560330965284e-11,0.18292439562052723,0.0,-1.0081339170079727e-06,1.3171456450958348e-07,0.0,2.623890490125135e-21
7.74,0.010180657658470402,0.6927908864357002,0.0,1.99924281665992e-07,-3.732067752093095e-05,2.666490275087941e-10,0.18580220584020907,0.0,-2.8932101944504636e-06,-2.204938563884403e-06,0.0,4.30625764854154e-21
7.75,0.009769014327004513,0.7094283762721457,0.0,3.499898622953915e-07,-4.560756582123755e-05,5.039188721692778e-10,0.18719758654417995,0.0,-4.126336340398389e-06,-3.8543816282441595e-06,0.0,5.961828440557485e-21
7.76,0.008149782222392751,0.7266914424524261,0.0,4.3768000472208325e-07,-4.87955235515346e-05,7.488892468531995e-10,0.18707026863387016,0.0,-4.737457601053966e-06,-4.81757506342778e-06,0.0,7.399621822804837e-21
7.77,0.005178398811248661,0.7432667221414608,0.0,4.685111454995746e-07,-4.621643317114903e-05,9.764302578853895e-10,0.18553115219647365,0.0,-4.804633161089641e-06,-5.1553471383208265e-06,0.0,8.40160625982735e-21
7.78,0.0008230990265173361,0.7579776011799567,0.0,4.518101671898074e-07,-3.754587638376348e-05,1.1566063139033085e-09,0.18280788858683913,0.0,-4.437027148471068e-06,-4.970407316327522e-06,0.0,8.739648738259714e-21
7.79,-0.00480027689370089,0.769904411192639,0.0,3.990920561047779e-07,-2.287420604983845e-05,1.2567103906591465e-09,0.1792054617862323,0.0,-3.758774238673048e-06,-4.389497683251973e-06,0.0,8.198131453006942e-21
7.8,-0.011400046951027691,0.7784725344517929,0.0,3.2258914918822704e-07,-2.7779904782479637e-06,1.244151620291314e-09,0.1750645909140069,0.0,-2.894947219083538e-06,-3.5472156347939014e-06,0.0,6.60124561754276e-21
7.81,-0.018491743323921804,0.7834912567099163,0.0,2.3402865188840144e-07,2.1619180199684673e-05,1.0901045272587533e-09,0.17072047494127313,0.0,-1.9604102890197124e-06,-2.5725704484861767e-06,0.0,3.8431869229805046e-21
7.82,-0.025397143208399545,0.7851348314060235,0.0,1.4371292813241948e-07,4.86107522042319e-05,7.73719087949838e-10,0.16646421210297338,0.0,-1.0519234963263528e-06,-1.5788723056932012e-06,0.0,-8.132119431806107e-23
7.83,-0.03126337867932025,0.7838672419191686,0.0,5.991903323216933e-08,7.591214709432313e-05,2.8657466404349515e-10,0.16250922529101797,0.0,-2.4350183831784056e-07,-6.571340232042282e-07,0.0,-5.049477092889529e-21
7.84,-0.03510503135395876,0.7803218048769539,0.0,-1.1397468095777345e-08,0.00010072246534196944,-3.630512298618469e-10,0.15896525574089623,0.0,4.152530905589069e-07,1.271798593559004e-07,0.0,-1.0789679192089391e-20
7.85,-0.03587026838003289,0.7751556604684802,0.0,-6.663282855537807e-08,0.00011985640518023633,-1.1466228894377928e-09,0.15582289900962285,0.0,8.983315577298854e-07,7.344800318436751e-07,0.0,-1.6871765067524407e-20
7.86,-0.03252961181561695,0.7689055592501648,0.0,-1.0435316369580702e-07,0.00012995490716820134,-2.013080436386564e-09,0.15295183904725596,0.0,1.2006027845017105e-06,1.1490452050536086e-06,0.0,-2.271223502102281e-20
7.87,-0.024182971705171086,0.7618709351885653,0.0,-1.2496104096782748e-07,0.00012777560581516111,-2.888466550679189e-09,0.15011499251313387,0.0,1.3338481708044624e-06,1.3753501218696015e-06,0.0,-2.759789953393178e-20
7.88,-0.010177325221835985,0.754040488055043,0.0,-1.3027183073047302e-07,0.0001105545402086964,-3.677995043354618e-09,0.14699813421271493,0.0,1.3221530790178129e-06,1.4334023238492117e-06,0.0,-3.073026723944359e-20
7.89,0.009775800920705582,0.7450643823315595,0.0,-1.23055988862127e-07,7.641933599398918e-05,-4.270986604923226e-09,0.14325112951633043,0.0,1.1971962238105137e-06,1.3537055269329773e-06,0.0,-3.129130893211678e-20
7.9,0.03549668724075755,0.7342655043428635,0.0,-1.0659454292558635e-07,2.4822122773699414e-05,-4.54889285266074e-09,0.13853448888412934,0.0,9.938706695299315e-07,1.1723694702337252e-06,0.0,-2.852903053485089e-20
7.91,0.0662631515767445,0.720684591573462,0.0,-8.428390002940299e-08,-4.3051011653350483e-05,-4.396346264315951e-09,0.1325645103443628,0.0,7.465496178788903e-07,9.267633298588475e-07,0.0,-2.1858668509680538e-20
7.92,0.10078163304458537,0.7031607120546256,0.0,-5.9314138137149724e-08,-0.000123946771993985,-3.7148209255742946e-09,0.12515127830927986,0.0,4.861874884253736e-07,6.519782235635349e-07,0.0,-1.0972463917260227e-20
7.93,0.1372180549917557,0.6804516723519243,0.0,-3.443339995641456e-08,-0.0002123463952417576,-2.438087843310743e-09,0.11622542999954631,0.0,2.3833338546011337e-07,3.782373481671718e-07,0.0,4.051870395838546e-21
7.94,0.17329880336079895,0.6513934827939561,0.0,-1.1800802565620525e-08,-0.0003004621077978232,-5.482304094895831e-10,0.1058515109832492,0.0,2.2037873305913275e-08,1.2928003635073022e-07,0.0,2.2656381525787945e-20
7.95,0.20648507904378333,0.6150867104264677,0.0,7.0779827077069535e-09,-0.00037848242850000195,1.909407693336626e-09,0.09422761474222771,0.0,-1.504401789629578e-07,-7.834479616596579e-08,0.0,4.373600234606225e-20
7.96,0.2342134876679448,0.5710859838025127,0.0,2.1344325895654485e-08,-0.00043510720472586745,4.814287941245881e-09,0.08167221163637482,0.0,-2.7327023676127374e-07,-2.3520630286629888e-07,0.0,6.561447756315261e-20
7.97,0.25418186520172215,0.5195596578731684,0.0,3.072494949973097e-08,-0.0004583918455521535,7.963888964562185e-09,0.06859928939300969,0.0,-3.4620088339569175e-07,-3.3831153657413315e-07,0.0,8.607724292194163e-20
7.98,0.26464257941658864,0.46138231113361483,0.0,3.543204774986854e-08,-0.0004368908340490447,1.1074199125627173e-08,0.055483034196236056,0.0,-3.734018427519094e-07,-3.9000556541373456e-07,0.0,1.0247288408495252e-19
7.99,0.26464980396735077,0.3981289101856432,0.0,3.604203470030866e-08,-0.00036105442295447746,1.3789387874700618e-08,0.04281463628013335,0.0,-3.6216390822597796e-07,-3.966369443034807e-07,0.0,1.1189030692465657e-19
8.0,0.2542028745039794,0.3319586642837252,0.0,3.336805500363425e-08,-0.0002247916674118887,1.57020442520885e-08,0.0310562391604175,0.0,-3.2160063299518715e-07,-3.671550153693262e-07,0.0,1.1141225881023028e-19
8.01,0.2342463932215642,0.2654034065091266,0.0,2.8338736379297905e-08,-2.7070945129892965e-05,1.638457019508506e-08,0.02059868503773959,0.0,-2.6146505715931174e-07,-3.1177627377113714e-07,0.0,9.843753590963327e-20
8.02,0.20652705058695076,0.20109936211906754,0.0,2.1892477108490883e-08,0.00022660979977089882,1.5431235584500822e-08,0.011729106184866169,0.0,-1.911607196835261e-07,-2.408219668088135e-07,0.0,7.105453035354011e-20
8.03,0.1733464541844854,0.14151263229600008,0.0,1.4893236480236796e-08,0.0005230815212764475,1.250908609555387e-08,0.004612010700754833,0.0,-1.1899243532012296e-07,-1.6379249607309883e-07,0.0,2.8438418825589175e-20
8.04,0.1372678487496094,0.08870412793137245,0.0,8.070651626369954e-09,0.0008409064808623537,7.414426909665664e-09,-0.0007152736208383423,0.0,-5.167170969422443e-08,-8.870959115282501e-08,0.0,-2.8765759998419716e-20
8.05,0.10083024896169021,0.04416402551181214,0.0,1.984577604973372e-09,0.0011505371977306765,1.3010736013484908e-10,-0.004334123697589134,0.0,5.933769797440442e-09,-2.1727224947450604e-08,0.0,-9.812045160886619e-20
8.06,0.06630776913842489,0.008727748089841105,0.0,-2.9880107928630776e-09,0.0014154175343700968,-9.122538115704017e-09,-0.006425802201264213,0.0,5.083626096000615e-08,3.3011502807744824e-08,0.0,-1.7518538237540934e-19
8.07,0.03553517253027851,-0.01742922880807379,0.0,-6.647338467412382e-09,0.0015941566210202825,-1.984429229535762e-08,-0.007245628149409501,0.0,8.179189113521855e-08,7.331101989665828e-08,0.0,-2.534733053132154e-19
8.08,0.009806793140381498,-0.034730252886248494,0.0,-8.950839631467043e-09,0.0016438221643073408,-3.123893899721599e-08,-0.007093566889542812,0.0,9.904071124098828e-08,9.870271914358015e-08,0.0,-3.246211205119227e-19
8.09,-0.010154416795628287,-0.04408793441951466,0.0,-9.98363402081001e-09,0.0015242877605517924,-4.2221990732204995e-08,-0.006284381965960795,0.0,1.0397183259227193e-07,1.1011979521274218e-07,0.0,-3.7881514348130675e-19
8.1,-0.024168042676818817,-0.046765834294521115,0.0,-9.924070389074419e-09,0.0012034341279831822,-5.1463759863362554e-08,-0.005119967172230978,0.0,9.87588039002585e-08,1.0951814900273564e-07,0.0,-4.0549148059927354e-19
8.11,-0.03252198823649161,-0.04423019826738232,0.0,-9.008396720983398e-09,0.0006628555341263357,-5.74712037241832e-08,-0.0038658405023242392,0.0,8.6003440083468e-08,9.948805425471973e-08,0.0,-3.943075517030026e-19
8.12,-0.03586886106476971,-0.038007806094071894,0.0,-7.49783446958568e-09,-9.64271059179058e-05,-5.87098580354765e-08,-0.002733129668219989,0.0,6.841749292091866e-08,8.28926526827169e-08,0.0,-3.363496362416454e-19
8.13,-0.03510849885091019,-0.029562204115434424,0.0,-5.6504305348817755e-09,-0.0010488796246836505,-5.3763075099443e-08,-0.0018667791195930274,0.0,4.856202507728229e-08,6.255937444443255e-08,0.0,-2.255056959788752e-19
8.14,-0.03127028214079346,-0.02019637500898776,0.0,-3.6991404379448685e-09,-0.002140728115583494,-4.152089522729751e-08,-0.0013402005767488997,0.0,2.8655097222914698e-08,4.1040223257632724e-08,0.0,-5.989540247607339e-20
8.15,-0.025406080624968342,-0.010985790479084568,0.0,-1.8367432887021187e-09,-0.003288372138808088,-2.13855323715929e-08,-0.0011561873466729258,0.0,1.0450154197822097e-08,2.0447446148794173e-08,0.0,1.5678604123399766e-19
8.16,-0.01850145507863783,-0.002742170829584447,0.0,-2.0746409538418162e-10,-0.004379688896016186,6.524881604048885e-09,-0.0012536112921645373,0.0,-4.819197129899586e-09,2.3630933313667783e-09,0.0,4.1418259242322036e-19
8.17,-0.011409488930179373,0.003994619823081097,0.0,1.0953818441248045e-09,-0.00527886030158391,4.11973798039989e-08,-0.0015192002782714663,0.0,-1.6437226279154143e-08,-1.2185231907440686e-08,0.0,6.946404009189748e-19
8.18,-0.004808661109882051,0.008941167278338049,0.0,2.0267899409861977e-09,-0.0058351332629584295,8.059659225429609e-08,-0.0018035257241691503,0.0,-2.4159199925663153e-08,-2.2694368148008313e-08,0.0,9.732101538126833e-19
8.19,0.0008162934052862383,0.0120374160530488,0.0,2.5837881086439005e-09,-0.005895596703180541,1.216164623410835e-07,-0.0019401861020633912,0.0,-2.8133188712747333e-08,-2.9115576909932087e-08,0.0,1.2184599558989345e-18
8.2,0.0051734390748855935,0.013402140501965882,0.0,2.796807066770707e-09,-0.005321634879902043,1.6013787451550332e-07,-0.001767029443406968,0.0,-2.880402768630159e-08,-3.175932950803704e-08,0.0,1.3942259148118375e-18
8.21,0.008146714243193735,0.01328299361062546,0.0,2.7199518977183915e-09,-0.004008216220419742,1.912142044274087e-07,-0.0011481026334699367,0.0,-2.6811611729617883e-08,-3.118887640869387e-08,0.0,1.4623576110975315e-18
8.22,0.009767706680483827,0.0120064231983644,0.0,2.421258820862043e-09,-0.0019046350456127096,2.0939850540538522e-07,5.15275722300604e-06,0.0,-2.2893626897684025e-08,-2.811467595037403e-08,0.0,1.386420523698926e-18
8.23,0.010180851504322316,0.009931695588958837,0.0,1.973793184954606e-09,0.0009652110926432166,2.0921399992300514e-07,0.001715104629391814,0.0,-1.7800293909412564e-08,-2.3299180971714996e-08,0.0,1.1362010709079591e-18
8.24,0.009606383020881591,0.007412055545172675,0.0,1.4481899980485731e-09,0.004485392326312004,1.8575408324966894e-07,0.003923316756259331,0.0,-1.2226046186471418e-08,-1.747858240625817e-08,0.0,6.927294255791103e-19
8.25,0.008304678950609103,0.004764820715390291,0.0,9.06984862634829e-10,0.008436078559099492,1.353799690110013e-07,0.006481964398858303,0.0,-6.760541368455571e-09,-1.130519880344592e-08,0.0,5.3401379307589556e-20
8.26,0.006544764838382213,0.0022510727511977943,0.0,4.0085288660696186e-10,0.012490064516407632,5.6464718050319176e-08,0.009153072179706597,0.0,-1.8592054961348851e-09,-5.311527945835864e-09,0.0,-7.633427808629672e-19
8.27,0.004578812911887455,6.464681713002788e-05,0.0,-3.3318739609587563e-11,0.01622035966365942,-4.9886506425924645e-08,0.01161714622330262,0.0,2.1682428746602484e-09,1.0528032537631907e-10,0.0,-1.7144206324262796e-18
8.28,0.002623569142913739,-0.001670615184805452,0.0,-3.727436017855982e-10,0.019121020551759488,-1.792262934970174e-07,0.013492342678919035,0.0,5.154086842145362e-09,4.681502702516865e-09,0.0,-2.7302806280525855e-18
8.29,0.0008488474107102658,-0.0028968764253730207,0.0,-6.077484476781924e-10,0.020642541160534336,-3.2336221922863776e-07,0.014364649249751182,0.0,7.057258939191816e-09,8.27160431952437e-09,0.0,-3.715523524172384e-18
8.3,-0.000627411633267004,-0.0036133695146601686,0.0,-7.398465957063619e-10,0.020241886328453543,-4.702618002792808e-07,0.013828651729494311,0.0,7.940149602420021e-09,1.082440783421158e-08,0.0,-4.552559981697152e-18
8.31,-0.0017384829296845253,-0.0038643507599473693,0.0,-7.792395971648518e-10,0.017445694652979928,-6.043582578247921e-07,0.011537340689279738,0.0,7.941264426316086e-09,1.2355463647436854e-08,0.0,-5.108712686032734e-18
8.32,-0.0024638488693009353,-0.003725661738925556,0.0,-7.42086759108936e-10,0.011923378295902022,-7.073306572255789e-07,0.007258146929119108,0.0,7.247001643831027e-09,1.2920037031715878e-08,0.0,-5.246898471217007e-18
8.33,-0.002821203300656622,-0.0032913719113359043,0.0,-6.478306268202448e-10,0.0035649465999679697,-7.593990585178867e-07,0.0009310785713677414,0.0,6.065206375536114e-09,1.259039200808654e-08,0.0,-4.83966483962348e-18
8.34,-0.0028568020223520845,-0.002661655670120111,0.0,-5.168006925866569e-10,-0.007443434245869552,-7.411290384117929e-07,-0.007276395650344712,0.0,4.602440799908306e-09,1.1440056507640929e-08,0.0,-3.785922364721291e-18
8.35,-0.0026353555119169913,-0.0019327042793215307,0.0,-3.682462338868938e-10,-0.02055463385472592,-6.35681883890632e-07,-0.01692404698987677,0.0,3.0461739913743468e-09,9.536598081667996e-09,0.0,-2.0292385469264167e-18
8.36,-0.002230446090413976,-0.0011891251713312245,0.0,-2.1887970598864715e-10,-0.03481592339685667,-4.3138019490963917e-07,-0.027270038047057122,0.0,1.5524099348932691e-09,6.94322017963683e-09,0.0,4.23918941904685e-19
8.37,-0.0017161976302435202,-0.0004989673537290298,0.0,-8.195020462493992e-11,-0.04885404160935558,-1.243886780373412e-07,-0.03726530578297994,0.0,2.386865281140204e-10,3.728296006624833e-09,0.0,3.488028477201323e-18
8.38,-0.0011606620125735364,8.874767108138551e-05,0.0,3.318400767941401e-11,-0.06089853566797759,2.7875657981554955e-07,-0.04557708474713121,0.0,-8.180775589598412e-10,-1.9126323034786644e-11,0.0,6.986803937194178e-18
8.39,-0.0006211379435653755,0.0005443039056868274,0.0,1.2105203897080327e-10,-0.06884976691103192,7.59091787609137e-07,-0.05064570405970643,0.0,-1.5797250139050628e-09,-4.1707107041945355e-09,0.0,1.0648419257836886e-17
8.4,-0.00014142292545626207,0.0008558174654665399,0.0,1.7972740129562833e-10,-0.07039447930885005,1.283997219324296e-06,-0.05077607326466673,0.0,-2.0420019605704484e-09,-8.54061707844257e-09,0.0,1.4110058444119534e-17
8.41,0.0002491702224769703,0.001026511729313712,0.0,2.1024734435686654e-10,-0.06316709021172941,1.807155548630884e-06,-0.04426167339363295,0.0,-2.227759738267072e-09,-1.2871513109603932e-08,0.0,1.693378729633652e-17
8.42,0.0005353196837262844,0.001071244699118509,0.0,2.158955603887101e-10,-0.044949111986110395,2.2700196484564597e-06,-0.029534582831936138,0.0,-2.179221840337751e-09,-1.682860326359139e-08,0.0,1.863502168701933e-17
8.43,0.0007140796869286231,0.0010127510869417102,0.0,2.014399069971155e-10,-0.013892784580369261,2.605031793074986e-06,-0.005330434158055606,0.0,-1.9501906478267054e-09,-2.0005022778633753e-08,0.0,1.8723810767186308e-17
8.44,0.0007925229997873888,0.0008779887238605771,0.0,1.7240134366787933e-10,0.03125125378240958,2.7407066633596773e-06,0.0291472811399948,0.0,-1.5988888783482705e-09,-2.1941085016450397e-08,0.0,1.6757789405383598e-17
8.45,0.0007850044657707061,0.0006948872891625033,0.0,1.3441142817903247e-10,0.09092773420954295,2.6085137948330158e-06,0.07408280924537697,0.0,-1.1819281344179624e-09,-2.2158606355534076e-08,0.0,1.2404051389900404e-17
8.46,0.0007103654140204227,0.0004896990605856,0.0,9.269584116714081e-11,0.16462071737606665,2.151278079288128e-06,0.12894493209839888,0.0,-7.496941349982776e-10,-2.0209907807234724e-08,0.0,5.5054673593780666e-18
8.47,0.0005893362749230139,0.0002850564076716736,0.0,5.170245907162916e-11,0.2507765112386663,1.3325729264456776e-06,0.19244578909038754,0.0,-3.432529570295856e-10,-1.573919083796925e-08,0.0,-3.854722617449806e-18
8.48,0.00044232293284968816,9.875670210358592e-05,0.0,1.4875940107554873e-11,0.34682970567280963,1.4632956486657044e-07,0.26257855622453047,0.0,7.2725936520070155e-12,-8.551933539716369e-09,0.0,-1.5297675360073055e-17
8.49,0.00028768949632456894,-5.677275466405078e-05,0.0,-1.5432431986095346e-11,0.4493458833344696,-1.3743463204991294e-06,0.33674232823733063,0.0,2.830252897237272e-10,1.3140770231953415e-09,0.0,-2.811171191619973e-17
8.5,0.00014058286317265636,-0.00017442670625579214,0.0,-3.7940334845313206e-11,0.5542770453528227,-3.150342011447858e-06,0.41194892815597317,0.0,4.756814846740675e-10,1.3524259751637336e-08,0.0,-4.124204774864253e-17
8.51,1.2287421382292238e-05,-0.00025191829577643607,0.0,-5.2321736480087744e-11,0.6573029406032856,-5.052979946795878e-06,0.48508890710426966,0.0,5.85951871512327e-10,2.7398814182947446e-08,0.0,-5.3315858151583826e-17
8.52,-8.994572355289019e-05,-0.000290960208460543,0.0,-5.903440661828423e-11,0.7542102648530146,-6.905008045182334e-06,0.5532180634501044,0.0,6.216085068062215e-10,4.1890473932625695e-08,0.0,-6.270937426782745e-17
8.53,-0.00016268038839077452,-0.00029626891433906955,0.0,-5.911524095707813e-11,0.8412525312510841,-8.487248170411943e-06,0.6138193746071774,0.0,5.953110003095773e-10,5.5598200038573705e-08,0.0,-6.766083495345836e-17
8.54,-0.0002057892206178406,-0.00027451656043314736,0.0,-5.396797685094745e-11,0.9154416010295033,-9.551682348931695e-06,0.6650022848743874,0.0,5.224646320877072e-10,6.682504930244555e-08,0.0,-6.642905509365463e-17
8.55,-0.0002217650218450566,-0.00023333330729187642,0.0,-4.516333020453054e-11,0.9747420726983044,-9.841250776297985e-06,0.7056176750251109,0.0,4.1929113505753827e-10,7.368562571898666e-08,0.0,-5.74922426431975e-17
8.56,-0.00021494837972124413,-0.00018043675309343878,0.0,-3.4266256892748537e-11,1.0181615085223226,-9.115964043914445e-06,0.7352845050321383,0.0,3.012360389892649e-10,7.426436675702584e-08,0.0,-3.977578865557159e-17
8.57,-0.00019075691419760687,-0.00012293775978900026,0.0,-2.269957258801326e-11,1.0457458794513976,-7.18412440202827e-06,0.7543377189327537,0.0,1.8178080692537331e-10,6.68205382172612e-08,0.0,-1.2891513619566136e-17
8.58,-0.000154983262072443,-6.684613147990105e-05,0.0,-1.1648064520279844e-11,1.0584990876386462,-3.936560425342109e-06,0.7637153033222164,0.0,7.167813043860625e-11,5.002948035258616e-08,0.0,2.263511692230429e-17
8.59,-0.00011320871109958874,-1.6777149822480857e-05,0.0,-2.002867439066588e-12,1.0582489925980652,6.191172018521378e-07,0.7648061002954151,0.0,-2.1412175734081663e-11,2.324280785917741e-08,0.0,6.517825886133561e-17
8.6,-7.035935051837304e-05,2.4157813734125905e-05,0.0,5.657521091407097e-12,1.0474815304893679,6.328036034845068e-06,0.7592801394595238,0.0,-9.293953444204512e-11,-1.3256464993163366e-08,0.0,1.118970269282235e-16
8.61,-3.0413447778481952e-05,5.430594297289613e-05,0.0,1.1055553453233992e-11,1.0291607862145014,1.2865754942966783e-05,0.7489208963605335,0.0,-1.4120333818762303e-10,-5.803375497827314e-08,0.0,1.5872496397197702e-16
8.62,3.7463182182152017e-06,7.330954432553755e-05,0.0,1.4179551932181335e-11,1.006547676213359,1.972879851122887e-05,0.7354749503595113,0.0,-1.6689904317165206e-10,-1.083516708699675e-07,0.0,2.0049274260275744e-16
8.63,3.0353469732757383e-05,8.186377390826682e-05,0.0,1.523290803198591e-11,0.9830244781461694,2.6242528059507563e-05,0.7205298234833142,0.0,-1.725505241529131e-10,-1.6012309432404366e-07,0.0,2.3120621454047724e-16
8.64,4.8676277362090434e-05,8.143335715655285e-05,0.0,1.4574879174015087e-11,0.9619278198810249,3.159012572665652e-05,0.7054260000725522,0.0,-1.6190243503805364e-10,-2.0800183603607675e-07,0.0,2.4449060908939936e-16
8.65,5.886295849295979e-05,7.396171869334871e-05,0.0,1.2659402496865191e-11,0.9463896498120171,3.486513716664615e-05,0.6912047560394765,0.0,-1.393342239642628e-10,-2.456377279782193e-07,0.0,2.3419613436903966e-16
8.66,6.174259075831953e-05,6.159953827451105e-05,0.0,9.977112018378356e-12,0.9391845760588587,3.514805902356378e-05,0.6785898017539066,0.0,-1.0934251737292536e-10,-2.6611192761001735e-07,0.0,1.951410436577069e-16
8.67,5.860853374184447e-05,4.647234205824013e-05,0.0,7.004371037676761e-12,0.9425828801363837,3.160491843503659e-05,0.6679980471190456,0.0,-7.612272273648585e-11,-2.6255240879632816e-07,0.0,1.2394654767272862e-16
8.68,5.100701655974916e-05,3.049918865922624e-05,0.0,4.161780133539843e-12,0.9582112557382284,2.360279976751577e-05,0.6595730839809306,0.0,-4.326548974390625e-11,-2.2890958640815544e-07,0.0,1.989552083405071e-17
8.69,4.0548304676914474e-05,1.5267507844396518e-05,0.0,1.7834159616579176e-12,0.9869273678428256,1.0834039230458524e-05,0.6532341988944298,0.0,-1.3570307745148821e-11,-1.6084885654754372e-07,0.0,-1.1427394559404565e-16
8.7,2.875219992307421e-05,1.963192746651133e-06,0.0,9.707609945049267e-14,1.0287188774442495,-6.5623750154522814e-06,0.6487337530758986,0.0,1.103221807054835e-11,-5.6692261141319284e-08,0.0,-2.717457159975378e-16
8.71,1.6934136357257345e-05,-8.649566740823013e-06,0.0,-7.849148704018443e-13,1.0826416225864661,-2.7896423965103793e-05,0.6457164246986802,0.0,2.946559375646044e-11,8.168214690634822e-08,0.0,-4.4128844577390765e-16
8.72,6.1332565207660295e-06,-1.6207373865212957e-05,0.0,-8.652478443383338e-13,1.1468140241940386,-5.185585322733241e-05,0.6437749104255615,0.0,4.142102318820836e-11,2.480944795451151e-07,0.0,-6.073181336430718e-16
8.73,-2.9201149666215787e-06,-2.0696030080478916e-05,0.0,-2.5267668110221214e-13,1.2184842553432487,-7.648494589490747e-05,0.6424980395380313,0.0,4.722207036063628e-11,4.315947532475908e-07,0.0,-7.504606632261913e-16
8.74,-9.803085847367036e-06,-2.237910399289612e-05,0.0,8.541858201720174e-13,1.2941820418903314,-9.922903476399609e-05,0.6415086956309485,0.0,4.766259174182855e-11,6.163986555469864e-07,0.0,-8.486859960005982e-16
8.75,-1.4372192411623288e-05,-2.171693258372312e-05,0.0,2.18908223968638e-12,1.3699570132344778,-0.00011705744567427754,0.640490328083539,0.0,4.383777873238154e-11,7.823428571520518e-07,0.0,-8.790414377982507e-16
8.76,-1.6716858545587515e-05,-1.928498069281292e-05,0.0,3.4451147969806954e-12,1.4416897342295067,-0.0001266722611287814,0.6392020648215317,0.0,3.698455721271932e-11,9.05948685412556e-07,0.0,-8.19952250264557e-16
8.77,-1.7102312251625543e-05,-1.569866358872355e-05,0.0,4.305297240726671e-12,1.5054419626309008,-0.000124802748178283,0.637483443142803,0.0,2.8343335843860708e-11,9.621392515414733e-07,0.0,-6.539863842179249e-16
8.78,-1.5909186226647513e-05,-1.154970205848559e-05,0.0,4.475303868047241e-12,1.5577965944520895,-0.00010857574295637385,0.6352505256964757,0.0,1.9048689774995792e-11,9.265946691246569e-07,0.0,-3.709008996443559e-16
8.79,-1.3575790918789768e-05,-7.357055673702751e-06,0.0,3.716851614858752e-12,1.5961353481099174,-7.594124846159232e-05,0.6324856571929698,0.0,1.005242895946558e-11,7.786550386480768e-07,0.0,2.929256925631406e-17
8.8,-1.054754799073398e-05,-3.5336426686673693e-06,0.0,1.8798411676074457e-12,1.618817131668219,-2.612080929925386e-05,0.6292233301417475,0.0,2.0789359736800788e-12,5.0459583242817e-07,0.0,5.335785085216389e-16
8.81,-7.236496128780533e-06,-3.685230863845705e-07,0.0,-1.0689855664689622e-12,1.625243915930993,3.996500096343933e-05,0.6255345241090706,0.0,-4.3901421460493855e-12,1.0101193377896511e-07,0.0,1.113894396764635e-15
8.82,-3.99228357250943e-06,1.976940665040984e-06,0.0,-5.023477192676878e-12,1.6158213597024724,0.00011934303613375858,0.6215114599178612,0.0,-9.106716424361918e-12,-4.2203622130155166e-07,0.0,1.7262099924669622e-15
8.83,-1.0847571033731302e-06,3.461210351976555e-06,0.0,-9.724471193787826e-12,1.5918331050962296,0.00020676705429142092,0.6172540994787555,0.0,-1.2028574899634926e-11,-1.0385274946026452e-06,0.0,2.3111323160272047e-15
8.84,1.3027810806325123e-06,4.145670243086534e-06,0.0,-1.475811945771203e-11,1.555253009373565,0.0002946903684227885,0.6128591371028854,0.0,-1.3279534590912784e-11,-1.705087514422079e-06,0.0,2.796378403389002e-15
8.85,3.0713146019417376e-06,4.1714978737697505e-06,0.0,-1.956889691838661e-11,1.5085217735863163,0.000373486510093241,0.6084117933337485,0.0,-1.3103487915416279e-11,-2.3611491177691524e-06,0.0,3.101342312842727e-15
8.86,4.196953875115659e-06,3.7329909111146267e-06,0.0,-2.3489470104044285e-11,1.454314073974542,0.00043195991701227795,0.6039804221669935,0.0,-1.181765745043776e-11,-2.9310645133434254e-06,0.0,3.1438111222260754e-15
8.87,4.717137960267119e-06,3.0497609671805772e-06,0.0,-2.5788588103936405e-11,1.395319241661502,0.00045816772051048265,0.5996137231036492,0.0,-9.769318342332688e-12,-3.328458195083918e-06,0.0,2.8486607655156672e-15
8.88,4.714386299283447e-06,2.339849690321972e-06,0.0,-2.5736689059441827e-11,1.3340533932304912,0.00044054481705604496,0.5953401899454044,0.0,-7.29904328053627e-12,-3.4629384026515874e-06,0.0,2.158097394073444e-15
8.89,4.299540833707709e-06,1.7954456745811776e-06,0.0,-2.2687024011274393e-11,1.272714763913879,0.00036928863170381996,0.5911693290237531,0.0,-4.712307883649511e-12,-3.2490546848723443e-06,0.0,1.0427218743992082e-15
8.9,3.596073196814965e-06,1.5625271398599728e-06,0.0,-1.6167882855810852e-11,1.213087789657915,0.00023791944550868852,0.5870941395363081,0.0,-2.260173807430404e-12,-2.6171096075223865e-06,0.0,-4.875901134389615e-16
8.91,2.726605392851311e-06,1.7254498224677122e-06,0.0,-5.97912791174164e-12,1.156495915545118,4.4890086528461275e-05,0.5830943609033146,0.0,-1.2882055065856364e-13,-1.525121671173526e-06,0.0,-2.374249693989431e-15
8.92,1.8023557282623456e-06,2.2972472552162422e-06,0.0,7.716071289706772e-12,1.1037986190214366,-0.0002049205665676508,0.5791400456947077,0.0,1.5630292021039682e-12,2.9079847911488565e-08,0.0,-4.503392647912235e-15
8.93,9.158151581593884e-07,3.216199328111365e-06,0.0,2.4315366891007494e-11,1.0554249497364248,-0.0004990273493825923,0.5751950987540977,0.0,2.7602348109088024e-12,1.9969354732625973e-06,0.0,-6.703693490227651e-15
8.94,1.3661189343952226e-07,4.349029158664035e-06,0.0,4.272957092058267e-11,1.0114340432947748,-0.0008166870372308928,0.5712205202223523,0.0,3.462616720146778e-12,4.270939042703101e-06,0.0,-8.749972286437461e-15
8.95,-4.897480560275858e-07,5.500874729055089e-06,0.0,6.137581567139614e-11,0.9715924633357954,-0.001128989303516916,0.5671771896539576,0.0,3.7133477717367204e-12,6.680761350510391e-06,0.0,-1.03737475885697e-14
8.96,-9.407624162501389e-07,6.431916342971363e-06,0.0,7.822309069357192e-11,0.9354586680705768,-0.0013998797278022218,0.5630281195954464,0.0,3.586004875628171e-12,8.995308436233235e-06,0.0,-1.1281427121825562e-14
8.97,-1.2140370983731615e-06,6.880195522702494e-06,0.0,9.089908027343345e-11,0.902466131360637,-0.0015882514972146667,0.5587401816575548,0.0,3.1716978210220867e-12,1.0932077909925181e-05,0.0,-1.1180165463517829e-14
8.98,-1.32324287958992e-06,6.5897198172186895e-06,0.0,9.686288659923498e-11,0.8719984029967071,-0.001651160459421471,0.5542853609506686,0.0,2.5673856123527242e-12,1.2174732223001425e-05,0.0,-9.810574647313154e-15
8.99,-1.2935210025674415e-06,5.342413521778005e-06,0.0,9.3642196655515e-11,0.8434514063023887,-0.0015481081148844473,0.5496416234289396,0.0,1.866151919590158e-12,1.2399142078674088e-05,0.0,-6.9844944891435945e-15
9.0,-1.1568564199705342e-06,2.991870950404787e-06,0.0,7.912594975532636e-11,0.8162803131267643,-0.0012462036489393356,0.5447934856937972,0.0,1.1498765504289872e-12,1.1307280788172192e-05,0.0,-2.624986732222457e-15
9.01,-9.478305320659766e-07,-5.037551518037123e-07,0.0,5.1895025067233706e-11,0.7900302212506318,-0.0007258677124062226,0.5397323611394839,0.0,4.844377086874139e-13,8.66731273034411e-06,0.0,3.19529044663806e-15
9.02,-7.00044940355918e-07,-5.052971234775464e-06,0.0,1.1564565962491801e-11,0.7643514532360627,1.341019840973845e-05,0.5344567250252863,0.0,-8.267023537803985e-14,4.357087028175822e-06,0.0,1.0222022158234234e-14
9.03,-4.43387345351415e-07,-1.0409941490659309e-05,0.0,-4.089681642296791e-11,0.7390015167550513,0.0009478862015355654,0.5289721006663929,0.0,-5.226058043254053e-13,-1.5928785315934226e-06,0.0,1.7998743599052216e-14
9.04,-2.0220080552874351e-07,-1.6165134446621898e-05,0.0,-1.0291248976894041e-10,0.7138365801152022,0.00202567868205333,0.5232908268547419,0.0,-8.237596831547941e-13,-8.961831833028417e-06,0.0,2.586329163320658e-14
9.05,5.674448997041134e-09,-2.1751332642337163e-05,0.0,-1.7015341066959564e-10,0.6887957290477377,0.00316496979529687,0.517431530473117,0.0,-9.891259611054025e-13,-1.7312262627808853e-05,0.0,3.2966140206684875e-14
9.06,1.6908731840303323e-07,-2.6468132413634515e-05,0.0,-2.365494146437592e-10,0.6638813189816364,0.004255054386470829,0.511418205208753,0.0,-1.0329509714642315e-12,-2.5980326841243555e-05,0.0,3.831445401274386e-14
9.07,2.8313719643079294e-07,-2.9526970980820448e-05,0.0,-2.944966534967256e-10,0.6391384796606608,0.005160889389692957,0.5052787933344051,0.0,-9.771058936573018e-13,-3.40888280331216e-05,0.0,4.084386822299615e-14
9.08,3.4828096593504443e-07,-3.0117101330970815e-05,0.0,-3.3529074973056165e-10,0.6146363371453304,0.0057315862534685035,0.4990431869636794,0.0,-8.47559111252748e-13,-4.058736549654488e-05,0.0,3.9517462644277956e-14
9.09,3.6915989511016796e-07,-2.7490821652109875e-05,0.0,-3.4979813056901616e-10,0.5904528676319944,0.005812973972785435,0.4927406099181968,0.0,-6.712360757746373e-13,-4.432247914873362e-05,0.0,3.3448237066012115e-14
9.1,3.533083635917854e-07,-2.106375161509626e-05,0.0,-3.293549203075068e-10,0.5666645621846541,0.005263948198189134,0.48639641046697707,0.0,-4.734596546910422e-13,-4.413805067876277e-05,0.0,2.2037794933794125e-14
9.11,3.0988244363330794e-07,-1.0523202218457168e-05,0.0,-2.668546682896072e-10,0.5433413295535531,0.003975832772276826,0.4800283846800552,0.0,-2.760723173715124e-13,-3.900293153002112e-05,0.0,5.1201869413458936e-15
9.12,2.485154311694868e-07,4.0650474631156394e-06,0.0,-1.5795484482271431e-10,0.520546355323336,0.0018934480813129848,0.47364285269983963,0.0,-9.626038836129214e-14,-2.8158933741822676e-05,0.0,-1.690367022417076e-14
9.13,1.7837365838826972e-07,2.2163665231446186e-05,0.0,-2.3000590516067124e-12,0.4983400194718756,-0.000963946026956413,0.46723081550092205,0.0,5.396514790789789e-14,-1.1278218861674155e-05,0.0,-4.295845053738524e-14
9.14,1.07452878051812e-07,4.26982036944373e-05,0.0,1.9536927780043942e-10,0.47678649077607343,-0.004484125758248941,0.4607646146763358,0.0,1.677246714165248e-13,1.138486299814423e-05,0.0,-7.123289845173428e-14
9.15,4.212592986494893e-08,6.403356666826868e-05,0.0,4.243766203648758e-10,0.4559612953874317,-0.008448415670721014,0.45419558763371587,0.0,2.427857362896423e-13,3.886582346608124e-05,0.0,-9.918350639949416e-14
9.16,-1.3071862117896375e-08,8.400626172714437e-05,0.0,6.677025299240721e-10,0.4359580189911752,-0.012525972995566799,0.447453239851392,0.0,2.8077418808346255e-13,6.940657975305202e-05,0.0,-1.236204697717852e-13
9.17,-5.5451055897841907e-08,0.00010002372370096131,0.0,9.021729265420541e-10,0.4168923587116384,-0.016278418301146326,0.4404464299700415,0.0,2.862141619964322e-13,0.00010043768007314214,0.0,-1.4088844646472198e-13
9.18,-8.401310839895824e-08,0.00010923760377825691,0.0,1.0993810454361314e-09,0.3989019941790287,-0.019176891410874752,0.4330669706345249,0.0,2.655173094763488e-13,0.0001286457858523399,0.0,-1.471474834916489e-13
9.19,-9.918015777900525e-08,0.00010879158132033542,0.0,1.2274375461739707e-09,0.3821411881832576,-0.02063274753584579,0.4251958810333944,0.0,2.2602063623218256e-13,0.00015014176594137736,0.0,-1.387497914906703e-13
9.2,-1.024575969375891e-07,9.613614940231068e-05,0.0,1.2535766249546592e-09,0.3667696352780137,-0.02004187504846195,0.41671228566389673,0.0,1.7514709818946141e-13,0.00016073769974303483,0.0,-1.1269624885278508e-13
9.21,-9.607318966651158e-08,6.939337458691581e-05,0.0,1.1475584250614234e-09,0.35293581688140585,-0.01684105482405937,0.4075046462947496,0.0,1.1973670008289031e-13,0.00015633121146903787,0.0,-6.71433425763061e-14
9.22,-8.262928079480075e-08,2.7744524556732873e-05,0.0,8.857036271659967e-10,0.34075594366455975,-0.01057298373971833,0.3974836588923005,0.0,6.557082552597567e-14,0.0001333832071384101,0.0,-1.9177964438249834e-15
9.23,-6.479577487252851e-08,-2.819635966670377e-05,0.0,4.552818991538791e-10,0.33029040357331735,-0.000954699113077162,0.38659577394593636,0.0,1.7090788369523062e-14,8.946096616206124e-05,0.0,8.101618301662051e-14
9.24,-4.506213607394653e-08,-9.60682282373561e-05,0.0,-1.4113805276321096e-10,0.32152040339701193,0.012057630382545481,0.37483594775487655,0.0,-2.2705661797667342e-14,2.380374330902716e-05,0.0,1.7720162355162848e-13
9.25,-2.555763510765925e-08,-0.00017155898291101288,0.0,-8.818700437723836e-10,0.3143280951492971,0.028215984743635236,0.36225795438929226,0.0,-5.221836206231349e-14,-6.214597407434813e-05,0.0,2.7951494094191116e-13
9.26,-7.941143635783543e-09,-0.00024836392205323653,0.0,-1.7233900726391273e-09,0.30848380602637454,0.046949022257494366,0.3489804415086799,0.0,-7.108493843327954e-14,-0.0001643138677624977,0.0,3.7824149606660237e-13
9.27,6.644586221783172e-09,-0.0003183549640468363,0.0,-2.5993106245217895e-09,0.30364392698107395,0.06736080104038178,0.3351869605354889,0.0,-7.994540036185556e-14,-0.0002757431124093247,0.0,4.614590650512706e-13
9.28,1.7563793746030457e-08,-0.0003719985058328861,0.0,-3.4216180339541356e-09,0.29936244657331773,0.08826710561198053,0.3211185049770221,0.0,-8.016803410144955e-14,-0.0003865973393965495,0.0,5.157692434151965e-13
9.29,2.463613237513101e-08,-0.0003990423156801529,0.0,-4.084642563342362e-09,0.2951179416127638,0.10827368225832462,0.30705770621708667,0.0,-7.356924913726575e-14,-0.00048448512244515313,0.0,5.273889140520009e-13
9.3,2.8056136188071338e-08,-0.00038946742336255774,0.0,-4.472053457425938e-09,0.2903559736946204,0.12589576788676315,0.2933048082990329,0.0,-6.215381227370738e-14,-0.0005551563775419979,0.0,4.835771899417512e-13
9.31,2.829690390806628e-08,-0.0003346703799209669,0.0,-4.466913810751402e-09,0.28454424238906467,0.1397114258228513,0.2801468989170198,0.0,-4.789465784641657e-14,-0.0005835932687650818,0.0,3.743294041536813e-13
9.32,2.6009769484383757e-08,-0.00022880623332861453,0.0,-3.96449974500405e-09,0.27723450367481794,0.148532348173413,0.2678236172608925,0.0,-3.256401944651868e-14,-0.0005554804021302751,0.0,1.9422171902961162e-13
9.33,2.1929590469846562e-08,-7.018577008946761e-05,0.0,-2.8872022502255358e-09,0.26812143542256883,0.15156563316434393,0.25649455558295775,0.0,-1.7620659489985742e-14,-0.00045899275979763824,0.0,-5.5758024226943e-14
9.34,1.679275665157427e-08,0.00013741443100408543,0.0,-1.2004159982368842e-09,0.25708572952955416,0.1485323481618366,0.246215092342461,0.0,-4.151967553504212e-15,-0.0002867877997063211,0.0,-3.6660015832979294e-13
9.35,1.1272405749730089e-08,0.000383699495042364,0.0,1.0720840310475978e-09,0.24420970941146106,0.13971142580090978,0.2369268946839791,0.0,7.13503683043079e-15,-3.803461959013267e-05,0.0,-7.201216950431647e-13
9.36,5.93287781017199e-09,0.0006512497127762855,0.0,3.835122530837778e-09,0.22976064610764968,0.1258957678568197,0.22846580615331846,0.0,1.588308792543036e-14,0.00027973646767745004,0.0,-1.0885243409191187e-12
9.37,1.2033261617256244e-09,0.0009155507784628163,0.0,6.913537989129205e-09,0.21414679200533088,0.10827368222377234,0.22058476815969796,0.0,2.2025656716181962e-14,0.0006492197022281433,0.0,-1.4349014034901487e-12
9.38,-2.631256697772382e-09,0.0011458340286272532,0.0,1.0050173486745717e-08,0.1978580105418143,0.0882671055770523,0.21298586750722726,0.0,2.571137460373681e-14,0.0010426323722390247,0.0,-1.7148918357158458e-12
9.39,-5.424495988770137e-09,0.001306859117024659,0.0,1.2912431292665183e-08,0.18140386945105788,0.06736080100988553,0.20535503507766178,0.0,2.7223262582860665e-14,0.0014220006453888583,0.0,-1.8796054930225055e-12
9.4,-7.1521299198903264e-09,0.0013617061004553947,0.0,1.51089606747966e-08,0.1652591193928415,0.04694902223647079,0.1973943449595919,0.0,2.6902776421189633e-14,0.0017406741369889716,0.0,-1.879835834045748e-12
9.41,-7.888306468452651e-09,0.0012755547064269462,0.0,1.621734437147885e-08,0.1498225976783204,0.02821598473693921,0.18884873817879705,0.0,2.5086689391422277e-14,0.0019462427527772285,0.0,-1.671437724135862e-12
9.42,-7.778279022180555e-09,0.0010203194711012559,0.0,1.5822660290933238e-08,0.135392190210135,0.012057630394361888,0.1795255998195208,0.0,2.206244563669464e-14,0.0019849253900535452,0.0,-1.221585840979252e-12
9.43,-7.0106526225383084e-09,0.0005798876291505997,0.0,1.3565554582686565e-08,0.12215581672551291,-0.0009546990797618974,0.16930682725905563,0.0,1.8045043255367555e-14,0.0018073622852184256,0.0,-5.154551095632101e-13
9.44,-5.791705298639787e-09,-4.441737452879421e-05,0.0,9.197040490069691e-09,0.1101964720776846,-0.010572983683654636,0.1581538564966395,0.0,1.3175932224320362e-14,0.0013755778407347347,0.0,4.373052614766673e-13
9.45,-4.323593411448736e-09,-0.0008286365087037411,0.0,2.6357435469353063e-09,0.09950811713076295,-0.01684105474623553,0.1461066038455863,0.0,7.541994157857138e-15,0.0006707002029852866,0.0,1.5970782207249194e-12
9.46,-2.7875273575486776e-09,-0.0017218149962814537,0.0,-5.9781057781777906e-09,0.09001859347527268,-0.02004187495250879,0.1332774913838699,0.0,1.210537624694835e-15,-0.0002991558787129356,0.0,2.890638654914672e-12
9.47,-1.332339140866153e-09,-0.0026430974543758747,0.0,-1.623879842685897e-08,0.08161564204214977,-0.02063274742827806,0.119841728608462,0.0,-5.7254982920578896e-15,-0.0014915945619084696,0.0,4.210267753036663e-12
9.48,-6.830219609486445e-11,-0.0034808747194847206,0.0,-2.7448976952953814e-08,0.07417243065034895,-0.019176891301099674,0.10602489664655287,0.0,-1.3099197029584933e-14,-0.002824097228513204,0.0,5.416459137872536e-12
9.49,9.343663792089316e-10,-0.004094484816254119,0.0,-3.8618823552947836e-08,0.06756963012838929,-0.016278418201174837,0.0920886994913139,0.0,-2.0625933879827962e-14,-0.004170540473821302,0.0,6.344879767602683e-12
9.5,1.643180381328642e-09,-0.004318794279544936,0.0,-4.849749782699951e-08,0.0617119165474437,-0.01252597291937693,0.07831557387072048,0.0,-2.7872085542255384e-14,-0.005360929248905831,0.0,6.817954104270202e-12
9.51,2.0582479918373683e-09,-0.0039717276416815946,0.0,-5.564198458838072e-08,0.05653771910516272,-0.00844841563324705,0.06499273474974922,0.0,-3.4243383406013806e-14,-0.006185036862747706,0.0,6.661025635619268e-12
9.52,2.2053683542129612e-09,-0.0028644836528021697,0.0,-5.8525743115964354e-08,0.05202198907519981,-0.004484125774003842,0.05239620584092441,0.0,-3.899877613916571e-14,-0.006400357481468328,0.0,5.7225293658771465e-12
9.53,2.1283392248728924e-09,-0.0008138018084139231,0.0,-5.5685772128595596e-08,0.04817265347799106,-0.000963946108337773,0.040775448566761074,0.0,-4.1293610555589106e-14,-0.005744371287185568,0.0,3.897011690779815e-12
9.54,1.881315914485719e-09,0.0023447369014682543,0.0,-4.5902068339963435e-08,0.04502216315465116,0.001893447925934261,0.030339337337733894,0.0,-4.0253208223165716e-14,-0.003950617315834762,0.0,1.1492058596219855e-12
9.55,1.5218795553322397e-09,0.00674371690210321,0.0,-2.8398244948507477e-08,0.04261607833612066,0.003975832540534524,0.02124438590801861,0.0,-3.507461134340219e-14,-0.0007675044259327782,0.0,-2.4632265750111244e-12
9.56,1.105271481994888e-09,0.012472739947635845,0.0,-3.0467141293550325e-09,0.041000886598789685,0.005263947895567231,0.013586234459651491,0.0,-2.5150568256661213e-14,0.004021769536436855,0.0,-6.771170788796973e-12
9.57,6.800518436663859e-10,0.019570632823148856,0.0,2.9443120625439595e-08,0.04021315115038494,0.005812973614092384,0.007395360677033061,0.0,-1.020597794945832e-14,0.010580287887610843,0.0,-1.1482937742441508e-11
9.58,2.852613200344791e-10,0.028022186049001148,0.0,6.737911180507139e-08,0.040271595493356925,0.005731585863677898,0.0026376826039048265,0.0,9.566655814431327e-15,0.019001833051757424,0.0,-1.6183767847549514e-11
9.59,-5.098343067781558e-11,0.03775993506634432,0.0,1.080106192079133e-07,0.041172887322850016,0.005160889003887488,-0.0007798430881572041,0.0,3.3389297421332797e-14,0.029300931090775473,0.0,-2.034886419423902e-11
9.6,-3.1164078633847946e-10,0.048670638465994585,0.0,1.4754995181383977e-07,0.042890919731050164,0.004255054048654763,-0.0029992264741442124,0.0,5.981657446474242e-14,0.04141025681463366,0.0,-2.3372137506006063e-11
9.61,-4.898934521781308e-10,0.06060534091182228,0.0,1.813146893657944e-07,0.0453786844458845,0.003164969555904545,-0.004198262977560285,0.0,8.67092572337631e-14,0.05518609647469113,0.0,-2.4611686072720346e-11
9.62,-5.87582282169268e-10,0.07339149235097599,0.0,2.0400750752121142e-07,0.048571663078659934,0.002025678594079394,-0.004575714847729452,0.0,1.1128082953601073e-13,0.07042122295155649,0.0,-2.345145054456517e-11
9.63,-6.132129940951458e-10,0.08684558449400889,0.0,2.1013932449413807e-07,0.05239194270387684,0.0009478863153456577,-0.0043364399652102105,0.0,1.3023133471205462e-13,0.08686329285741329,0.0,-1.937653757438058e-11
9.64,-5.798005761516581e-10,0.1007850201913504,0.0,1.9458723680128168e-07,0.05675264761471679,1.3410555452568362e-05,-0.003677851018219243,0.0,1.3997659354003088e-13,0.10423613013258834,0.0,-1.2057516655926608e-11
9.65,-5.027744339261088e-10,0.1150382792632011,0.0,1.5326145944103694e-07,0.061562501181321415,-0.0007258670865830938,-0.0027787455349097814,0.0,1.3697235461749085e-13,0.12226116700920044,0.0,-1.436738824323396e-12
9.66,-3.9811489243555463e-10,0.1294527900459057,0.0,8.383646843795659e-08,0.06673036076473915,-0.001246202751782294,-0.0017911461735949275,0.0,1.1812223652978384e-13,0.14067672959880173,0.0,1.2192363137229896e-11
9.67,-2.80835394514584e-10,0.1439002297858596,0.0,-1.3517601063003235e-08,0.07216950645281865,-0.0015481069732775751,-0.0008353942547103229,0.0,8.124604979034369e-14,0.15925352156112707,0.0,2.812367908714349e-11
9.68,-1.638703566344415e-10,0.15827925115376562,0.0,-1.3548442887021813e-07,0.07780139670674502,-0.0016511591345922123,1.6079514544951771e-06,0.0,2.557217121394464e-14,0.17780536109424971,0.0,4.520611748253216e-11
9.69,-5.73805089974613e-11,0.17251585858612992,0.0,-2.751257666552669e-07,0.08355857383295348,-0.0015882500871444354,0.0006653822127054169,0.0,-4.779467105079905e-14,0.19619485189003136,0.0,6.18520360548607e-11
9.7,3.1551457219948874e-11,0.18656182475878555,0.0,-4.2168017459597444e-07,0.08938644419598818,-0.0013998783662050856,0.0011306461861833074,0.0,-1.3548904445650934e-13,0.2143341929654386,0.0,7.609639759543961e-11
9.71,9.889051178974346e-11,0.200391633882423,0.0,-5.607322050576201e-07,0.09524379320386031,-0.0011289881545790436,0.0013965272302383957,0.0,-2.3164913522410987e-13,0.23218176623121478,0.0,8.571368972198388e-11
9.72,1.4335731258666245e-10,0.2139984650858685,0.0,-6.748326168035329e-07,0.10110210155285691,-0.0008166862855574111,0.0014808895725718844,0.0,-3.2789587577944096e-13,0.24973548063212317,0.0,8.839512286621469e-11
9.73,1.659552568750153e-10,0.22738969940014833,0.0,-7.446217469985527e-07,0.10694394263865153,-0.0004990271849820644,0.0014143979777990108,0.0,-4.1358680027009565e-13,0.2670240670339496,0.0,8.198260332512184e-11
9.74,1.6939606244491498e-10,0.24058237038727684,0.0,-7.504662922665385e-07,0.1127608725254259,-0.00020492116520972258,0.0012348459381708336,0.0,-4.76390052211655e-13,0.28409756133529457,0.0,6.474873567070816e-11
9.75,1.5749559166507619e-10,0.25359890469041013,0.0,-6.745655035499031e-07,0.1185511984386313,4.488858664303234e-05,0.0009821527488318583,0.0,-5.032005596260524e-13,0.30101805087126804,0.0,3.570411652364125e-11
9.76,1.3459925061500005e-10,0.2664634257772999,0.0,-5.034188865168072e-07,0.12431784260951351,0.0002379169691650625,0.0006942987185745272,0.0,-4.813882840731479e-13,0.3178514323901138,0.0,-5.094874173762614e-12
9.77,1.0508137132734374e-10,0.27919881605054886,0.0,-2.3047842222024572e-07,0.13006632779408206,0.0003692851919155305,0.00040433575445351976,0.0,-4.003288693188702e-13,0.3346605706695422,0.0,-5.6271820431179934e-11
9.78,7.29473469421181e-11,0.2918246412982706,0.0,1.4125963493448278e-07,0.13580282503787322,0.00044054053728392715,0.00013849285524800841,0.0,-2.5312234932848033e-13,0.3514999853797846,0.0,-1.1492899832079655e-10
9.79,4.155243610523262e-11,0.3043559424843165,0.0,5.970273185373955e-07,0.14153224514467186,0.0004581628505805321,-8.469977412031022e-05,0.0,-3.83594140517054e-14,0.36841206480835553,0.0,-1.7656100489151473e-10
9.8,1.3438192219755901e-11,0.3168028079521766,0.0,1.1087668835763684e-06,0.14725646368968895,0.0004319548392752144,-0.0002544141943772627,0.0,2.3824820587220337e-13,0.3854247677831407,0.0,-2.3512369636955615e-10
9.81,-9.722890499775486e-12,0.3291705665589487,0.0,1.6346809170800718e-06,0.15297288555278793,0.000373481732524482,-0.0003668451455181548,0.0,5.625907606171024e-13,0.40255078284461443,0.0,-2.832924412634983e-10
9.82,-2.709136209161068e-11,0.3414603975104935,0.0,2.1201870904741796e-06,0.15867363072268548,0.0002946865019258012,-0.0004240548331673995,0.0,9.114735146232902e-13,0.419788124334375,0.0,-3.129317985404084e-10
9.83,-3.855479354204782e-11,0.35367014478016573,0.0,2.5005483323848575e-06,0.16434559562345333,0.0002067647724869002,-0.000432546089466051,0.0,1.2527543323999292e-12,0.4371220990224277,0.0,-3.1578119029351857e-10
9.84,-4.457493886063552e-11,0.36579515642615174,0.0,2.7053358354953366e-06,0.16997147617441705,0.00011934301740070173,-0.0004017477043952225,0.0,1.5465117050847253e-12,0.4545284350315084,0.0,-2.8433838532477563e-10
9.85,-4.60108505017652e-11,0.37782902810843794,0.0,2.664721062699828e-06,0.17553159404753962,3.996785440574725e-05,-0.0003425639636545014,0.0,1.7473899181481007e-12,0.4719771771838019,0.0,-2.1289577265622143e-10
9.86,-4.393854661499052e-11,0.3897641909596428,0.0,2.3173888434385936e-06,0.18100617474077482,-2.6114630053586246e-05,-0.00026610226705342353,0.0,1.8081767170258604e-12,0.4894368271538991,0.0,-9.865536595428566e-11
9.87,-3.9484456775456637e-11,0.4015923317011112,0.0,1.6196279188007415e-06,0.18637765213214974,-7.593153732285693e-05,-0.0001826527769503695,0.0,1.6845468434196016e-12,0.506878195721035,0.0,5.718012541354599e-11
9.88,-3.368581036813233e-11,0.4133046668194446,0.0,5.549055819174672e-07,0.1916325954146715,-0.00010856263064910028,-0.00010095618655869545,0.0,1.3407575131292114e-12,0.5242775102976982,0.0,2.4846770377101484e-10
9.89,-2.738682091805325e-11,0.4248921131658725,0.0,-8.570066597290796e-07,0.19676293830102345,-0.0001247867780724116,-2.776275062731336e-05,0.0,7.559188472192739e-13,0.5416184494741139,0.0,4.634809092295231e-10
9.9,-2.117530991874121e-11,0.43634540214229034,0.0,-2.552489908577366e-06,0.20176632902798167,-0.00012665443960136507,3.234049021381799e-05,0.0,-6.970267369775059e-14,0.5588929466694033,0.0,6.847139752842753e-10
9.91,-1.5360554279639117e-11,0.44765517686412587,0.0,-4.419379058174511e-06,0.20664558857428028,-0.00011703925457910132,7.687598069740681e-05,0.0,-1.1090386825037846e-12,0.5761007935112957,0.0,8.892750433485846e-10
9.92,-9.989786752530617e-12,0.45881209988510957,0.0,-6.296392908130519e-06,0.2114074188648713,-9.921239446095153e-05,0.000105248122875048,0.0,-2.3040345617425316e-12,0.5932482400624329,0.0,1.0499827874676866e-09
9.93,-4.898003776195388e-12,0.46980698677807853,0.0,-7.977863980612195e-06,0.21606062382640243,-7.647211968198766e-05,0.00011839871636896319,0.0,-3.5637827113636533e-12,0.6103459175385976,0.0,1.137233383849725e-09
9.94,2.1644198414820228e-13,0.4806309648176063,0.0,-9.224664499102965e-06,0.22061420812196167,-5.184928806707289e-05,0.00011840036332662559,0.0,-4.765802347784042e-12,0.6274065132736748,0.0,1.1216371938755843e-09
9.95,5.699581439807845e-12,0.49127563826028775,0.0,-9.781777588011682e-06,0.22507578720900667,-2.7898528099400255e-05,0.00010803662156111881,0.0,-5.7611677515378524e-12,0.6444426935573707,0.0,9.773389100560909e-10
9.96,1.184305419044603e-11,0.5017332371119787,0.0,-9.40234549509303e-06,0.229450698773878,-6.575240228342556e-06,9.040851982104244e-05,0.0,-6.383947915938275e-12,0.6614657220315824,0.0,6.858359045846066e-10
9.97,1.8789464513183794e-11,0.5119967455664061,0.0,-7.877262494497986e-06,0.23374199652107808,1.080895471618136e-05,6.859635202123502e-05,0.0,-6.465066093555306e-12,0.6784850103636835,0.0,2.400045194896195e-10
9.98,2.6452456519615392e-11,0.5220600332227717,0.0,-5.0685145316490425e-06,0.237951231245906,2.35650031158389e-05,4.5394702572691843e-05,0.0,-5.850226162527787e-12,0.6955085611285337,0.0,-3.5205690433927076e-10
9.99,3.44614575941196e-11,0.5319180194639754,0.0,-9.435695080973794e-07,0.24207974846360078,3.155519585570902e-05,2.3128439273644985e-05,0.0,-4.4210065496265235e-12,0.7125440804554747,0.0,-1.0638440500102409e-09
10.0,4.2139765760696775e-11,0.5415668910384897,0.0,4.392717644626078e-06,0.2461301747169808,3.508873157080115e-05,3.5486793864499587e-06,0.0,-2.1176295909440286e-12,0.7296004602802811,0.0,-1.848451947338297e-09
10.01,4.8522689752596237e-11,0.5510043896730651,0.0,1.067289338731749e-05,0.25010771432741524,3.4800214760101086e-05,-1.2199061363158867e-05,0.0,1.038672018847389e-12,0.7466892447970157,0.0,-2.638310042149423e-09
10.02,5.2419745192161914e-11,0.560230189712893,0.0,1.745298135637073e-05,0.25402083012864024,3.152531499602711e-05,-2.3547002583813118e-05,0.0,4.9262827841699836e-12,0.7638256099857499,0.0,-3.347140395565366e-09
10.03,5.252146087920659e-11,0.5692463628746125,0.0,2.4114418336702054e-05,0.2578809717001463,2.6185053932842514e-05,-3.0432575932488142e-05,0.0,9.30977969872431e-12,0.7810284500074309,0.0,-3.874517936407187e-09
10.04,4.754721680204069e-11,0.5780578626722331,0.0,2.9885888853574215e-05,0.2617012893189397,1.9687009393561215e-05,-3.3197031417357865e-05,0.0,1.3835540984400563e-11,0.7983194279072303,0.0,-4.1132244615898655e-09
10.05,3.642587266885453e-11,0.5866728872820696,0.0,3.388797065690591e-05,0.265494567278618,1.2848497268579435e-05,-3.24701502721172e-05,0.0,1.8039298828876163e-11,0.8157211350177571,0.0,-3.959329349612311e-09
10.06,1.8496015050858222e-11,0.5951029455302546,0.0,3.520175172989317e-05,0.26927073640659915,6.3438057661247935e-06,-2.905409137554772e-05,0.0,2.1368001405856034e-11,0.8332546197775815,0.0,-3.324609264961804e-09
10.07,-6.2921667471887285e-12,0.6033624674362206,0.0,3.296022898389745e-05,0.27303430584619565,6.750226412948926e-07,-2.3816719847082784e-05,0.0,2.3217395356699015e-11,0.8509365283533185,0.0,-2.150555468651047e-09
10.08,-3.719557858429375e-11,0.6114678437232406,0.0,2.6458449788932777e-05,0.27678204600922174,-3.835959978131894e-06,-1.760174835837151e-05,0.0,2.2985373224432118e-11,0.8687761148369307,0.0,-4.228395569217109e-10
10.09,-7.254272128650505e-11,0.6194358435224735,0.0,1.527519246455783e-05,0.28050125783990587,-7.038008523963923e-06,-1.11599999874633e-05,0.0,2.0139392116352836e-11,0.8867724184900122,0.0,1.815245323120582e-09
10.1,-1.0967043014292156e-10,0.6272814668481597,0.0,-6.042326031502251e-07,0.2841688316403254,-8.92834515152506e-06,-5.103341446182285e-06,0.0,1.429425344248256e-11,0.9049118066410763,0.0,4.452134768448419e-09
10.11,-1.4495806889210191e-10,0.6350154249059974,0.0,-2.0677399866678674e-05,0.2877510483040252,-9.62182500566547e-06,1.19476465025925e-07,0.0,5.294388162388512e-12,0.9231658631160875,0.0,7.3020659744517155e-09
10.12,-1.7398020880576056e-10,0.6426415522942784,0.0,-4.3841965256292975e-05,0.29120392117483346,-9.31627768945388e-06,4.227590601075011e-06,0.0,-6.7072788522669715e-12,0.9414894955794425,0.0,1.010579788952085e-08
10.13,-1.91791324445439e-10,0.6501545064112129,0.0,-6.835729621926216e-05,0.2944739356497193,-8.257712073700975e-06,7.0970931709497295e-06,0.0,-2.1183558067556875e-11,0.9598192662959448,0.0,1.2539681735380743e-08
10.14,-1.933451358963977e-10,0.6575381114315875,0.0,-9.186672494537572e-05,0.297499221915501,-6.708396635988007e-06,8.738674758429258e-06,0.0,-3.719113181551823e-11,0.9780722144746505,0.0,1.4234314757038411e-08
10.15,-1.7403718595008724e-10,0.6647646775550149,0.0,-0.00011149422883430422,0.3002113516253828,-4.919951513724926e-06,9.268217030878866e-06,0.0,-5.3363658259307973e-11,0.9961456770958936,0.0,1.480327687524057e-08
10.16,-1.3034274268648554e-10,0.671795575732183,0.0,-0.0001240247836997754,0.3025380140858478,-3.112719687384212e-06,8.874401415832859e-06,0.0,-6.794998771837712e-11,1.0139187524651414,0.0,1.3881464587395362e-08
10.17,-6.050430537535336e-11,0.6785832682588083,0.0,-0.0001261708265296935,0.3044067889611438,-1.46189768289454e-06,7.786801045294442e-06,0.0,-7.890534930666527e-11,1.0312560709658547,0.0,1.1171340755455354e-08
10.18,3.4794535612195173e-11,0.6850748804343804,0.0,-0.0001149183573185751,0.3057500935262647,-9.025149280589747e-08,6.247147330767786e-06,0.0,-8.403959307830966e-11,1.0480144436204666,0.0,6.494089142289825e-09
10.19,1.5184737244251493e-10,0.691217244603047,0.0,-8.793562824719361e-05,0.30651115252233113,9.332517755056852e-07,4.48561497966109e-06,0.0,-8.122133462687977e-11,1.064052763697997,0.0,-1.5868962466450287e-10
10.2,2.8352453015515756e-10,0.6969631590272998,0.0,-4.401583716552792e-05,0.3066505420348729,1.5898954754898663e-06,2.7031394424106997e-06,0.0,-6.863033378036846e-11,1.0792452525670306,0.0,-8.57833446936859e-09
10.21,4.191467032596095e-10,0.7022784045798856,0.0,1.6486216348488296e-05,0.3061525655415635,1.903921662738441e-06,1.06003760527225e-06,0.0,-4.504302742630586e-11,1.093497738835973,0.0,-1.8304066012796356e-08
10.22,5.447198838341538e-10,0.7071489042161347,0.0,9.127365221276492e-05,0.3050305607602583,1.932712000309254e-06,-3.2940720897009695e-07,0.0,-1.0128410973305034e-11,1.1067660457150994,0.0,-2.8606514055443875e-08
10.23,6.43602042603821e-10,0.7115873348872827,0.0,0.0001758406048457873,0.3033303077267734,1.75559829007254e-06,-1.397185979268084e-06,0.0,3.527580304555844e-11,1.1190747057166777,0.0,-3.8496644263579854e-08
10.24,6.976430049200616e-10,0.7156384843098036,0.0,0.00026337914269852834,0.30113094419430564,1.462331895492746e-06,-2.117706958960907e-06,0.0,8.894269730028274e-11,1.1305333406958529,0.0,-4.676590592195919e-08
10.25,6.887975880911235e-10,0.7193826193752226,0.0,0.0003449172264003807,0.2985430206369267,1.1420763912643747e-06,-2.5010488235731428e-06,0.0,1.4713074307483703e-10,1.1413475122341807,0.0,-5.2061518210231544e-08
10.26,6.011596045787057e-10,0.7229360782889505,0.0,0.00040973476118011496,0.2957034765159334,8.736123169905441e-07,-2.5845295554987395e-06,0.0,2.045929005079596e-10,1.1518208859530574,0.0,-5.299796233672309e-08
10.27,4.2330362827407273e-10,0.7264482625906848,0.0,0.0004460867522693559,0.29276748824488036,7.172767245006428e-07,-2.4236888432349666e-06,0.0,2.547552943326276e-10,1.1623461449357844,0.0,-4.830201375739723e-08
10.28,1.507569880074224e-10,0.7300942507546582,0.0,0.0004422365441973512,0.28989743920831956,7.090150812335693e-07,-2.0836002362378132e-06,0.0,2.900911148477568e-10,1.1733831288128491,0.0,-3.698421020744617e-08
10.29,-2.1163755926965408e-10,0.7340624345589977,0.0,0.00038776889025335165,0.2872496705641706,8.568027490145461e-07,-1.6312054516097027e-06,0.0,3.0270060095915137e-10,1.185424022876372,0.0,-1.8524810910039233e-08
10.3,-6.477600845990692e-10,0.7385369466559254,0.0,0.00027511394433136013,0.2849600172874075,1.139594238266659e-06,-1.1291256163749595e-06,0.0,2.8508799604002815e-10,1.1989468231311196,0.0,6.9425103372638835e-09
10.31,-1.1289779468305464e-09,0.7436752228149277,0.0,0.0001011720683972564,0.2831292783258846,1.5088717582546146e-06,-6.311766137818906e-07,0.0,2.3110205701127036e-10,1.2143595528956441,0.0,3.8470238754750577e-08
10.32,-1.6139683294404013e-09,0.7495817600949399,0.0,-0.0001311104612049213,0.2818097919192931,1.8927779730293568e-06,-1.7961601143118988e-07,0.0,1.3697957597764623e-10,1.2319388719388022,0.0,7.418390945883731e-08
10.33,-2.04990226711074e-09,0.7562798883185609,0.0,-0.0004113983470509777,0.280994332003024,2.202718354282837e-06,1.9601095716533776e-07,0.0,2.403698905994502e-12,1.2517679251048404,0.0,1.1124156442222437e-07
10.34,-2.375223808953037e-09,0.7636841047729191,0.0,-0.0007210621675173274,0.28060854805637636,2.342195097485919e-06,4.786733429817277e-07,0.0,-1.6853647902062695e-10,1.2736793348353481,0.0,1.4588974089308677e-07
10.35,-2.524143557606664e-09,0.7715761815585347,0.0,-0.0010329213014769459,0.28050797561934065,2.2174807417576857e-06,6.626195640890338e-07,0.0,-3.666180516634141e-10,1.2972098048651384,0.0,1.73635668459087e-07
10.36,-2.432807498104557e-09,0.7795887194107967,0.0,-0.0013118270580058725,0.280480280054599,1.749555536793308e-06,7.514462584452691e-07,0.0,-5.771311356688051e-10,1.3215727944646825,0.0,1.8954772905822184e-07
10.37,-2.0469055811207616e-09,0.7871999055041589,0.0,-0.0015162338236350348,0.2802530937050382,8.865264627414328e-07,7.558006738952291e-07,0.0,-7.800401115231865e-10,1.3456553534293578,0.0,1.8868522844928192e-07
10.38,-1.3302615322939173e-09,0.7937427984160291,0.0,-0.001600833014586057,0.2795076924383192,-3.844654153047503e-07,6.910074903866621e-07,0.0,-9.507793518330239e-10,1.36804453920147,0.0,1.6664445336848863e-07
10.39,-2.7371345633602094e-10,0.7984315161588005,0.0,-0.0015202234840252667,0.2778986155316287,-2.0270336126233025e-06,5.748531703352681e-07,0.0,-1.0617652882380168e-09,1.3870874455098754,0.0,1.2019158520804794e-07
10.4,1.0966226553464628e-09,0.8004053316881999,0.0,-0.0012334667341137885,0.2750788254130609,-3.948354047992765e-06,4.256931383590069e-07,0.0,-1.0846490990364974e-09,1.4009862043177745,0.0,4.7935504843448556e-08
10.41,2.7127894075632377e-09,0.7987899147963935,0.0,-0.0007092337148865036,0.2707291366584447,-5.996365531046983e-06,2.609773850640774e-07,0.0,-9.932585927033777e-10,1.4079254282196425,0.0,-4.9023502862570386e-08
10.42,4.461309098776263e-09,0.7927727871023704,0.0,6.889572085189144e-05,0.26458976894278435,-7.962661892664326e-06,9.622521978490277e-08,0.0,-7.670875575604298e-10,1.4062251061629107,0.0,-1.6654762535726164e-07
10.43,6.183571566793033e-09,0.7816875882487802,0.0,0.001097553220963908,0.25649125045067933,-9.592143199213586e-06,-5.557500217357006e-08,0.0,-3.9509205448439163e-10,1.394507565554201,0.0,-2.971061228589931e-07
10.44,7.681336527164692e-09,0.7650992847442525,0.0,0.002349796244857547,0.2463815000569018,-1.0600082474390908e-05,-1.8420686008419632e-07,0.0,1.205454615979406e-10,1.3718630764483897,0.0,-4.2970126586397056e-07
10.45,8.728111399795827e-09,0.7428803930972737,0.0,0.003773137237050285,0.2343456894139096,-1.0696666470359675e-05,-2.821995979300258e-07,0.0,7.611106952216949e-10,1.33799536205689,0.0,-5.501592950916755e-07
10.46,9.0867174758974e-09,0.7152670796495466,0.0,0.00529007712110998,0.22061549572361855,-9.618297022547264e-06,-3.446376102938065e-07,0.0,1.489000724467698e-09,1.2933263685918233,0.0,-6.418520132475948e-07
10.47,8.532754198547446e-09,0.6828841185442952,0.0,0.00680169959369805,0.20556475540699976,-7.1640302593550196e-06,-3.6890530154664657e-07,0.0,2.2468319749318995e-09,1.2390400462815525,0.0,-6.868844097651579e-07
10.48,6.882938707373301e-09,0.6467296460705214,0.0,0.008194628068924587,0.18968948941496672,-3.234547693715056e-06,-3.544512708959765e-07,0.0,2.958504876329814e-09,1.1770486120410781,0.0,-6.677414785978207e-07
10.49,4.02648221505154e-09,0.6081149614414144,0.0,0.009351255917590302,0.17357195490265567,2.129914458257968e-06,-3.026306841479383e-07,0.0,3.5326318521388746e-09,1.1098728319466973,0.0,-5.693345769670342e-07
10.5,-4.3165470582874157e-11,0.5685616267355406,0.0,0.010162625421210571,0.15783088219278488,8.717090833768209e-06,-2.1665354530246728e-07,0.0,3.868582003277296e-09,1.040440971864885,0.0,-3.813273171801531e-07
10.51,-5.1996286549569255e-09,0.5296671546686059,0.0,0.010542653500950194,0.1430631846623668,1.61206624436191e-05,-1.0163303489034693e-07,0.0,3.8651733135008276e-09,0.9718280620900575,0.0,-1.0055776117226758e-07
10.52,-1.1161980461913578e-08,0.49295887393165966,0.0,0.010441636467228838,0.12978534724953295,2.3733866153633345e-05,3.5304134318914945e-08,0.0,3.431757558155253e-09,0.9069728945992791,0.0,2.666861519971875e-07
10.53,-1.7484474513738494e-08,0.459759012220102,0.0,0.009856382690337088,0.11838398565227161,3.0763589522930835e-05,1.849106834861329e-07,0.0,2.5011091213829902e-09,0.8484169613238953,0.0,7.028299213479356e-07
10.54,-2.3561819813516536e-08,0.43108057969709124,0.0,0.008834491027018094,0.10908358822811098,3.6268843407885705e-05,3.357994908996614e-07,0.0,1.0431707325497232e-09,0.7981032118516123,0.0,1.1779361278958776e-06
10.55,-2.8653582402651804e-08,0.4075654016813054,0.0,0.00747158474148659,0.10193547266108222,3.9225856152386695e-05,4.746046688281712e-07,0.0,-9.216400104437309e-10,0.757256757156627,0.0,1.6497118452889748e-06
10.56,-3.193013523100666e-08,0.38946673397165,0.0,0.005902191384995227,0.09682728642284637,3.861969171887503e-05,5.86410807446548e-07,0.0,-3.311158367175558e-09,0.7263522617715861,0.0,2.0648896975545988e-06
10.57,-3.2540835005206424e-08,0.37667198100622695,0.0,0.004286316017522869,0.09350892439370288,3.355933291617444e-05,6.555193970765581e-07,0.0,-5.9740314723224204e-09,0.7051592395654742,0.0,2.3621977045938e-06
10.58,-2.9702819316947854e-08,0.36875673733709735,0.0,0.0027940494850654907,0.09162926391531102,2.3409751898338024e-05,6.66588679376232e-07,0.0,-8.687962378673204e-09,0.6928482042659577,0.0,2.4770143850751455e-06
10.59,-2.280609722479701e-08,0.3650593722838116,0.0,0.001590146516921609,0.09077811153081876,7.93086991081404e-06,6.061378285512309e-07,0.0,-1.116535896475823e-08,0.6881368978083351,0.0,2.3476443747175686e-06
10.6,-1.15276370545778e-08,0.3647651945242259,0.0,0.0008199557044390787,0.0905284441126093,-1.2590165114608026e-05,4.6435122771166385e-07,0.0,-1.3067746808855725e-08,0.6894554942571212,0.0,1.9229525517737155e-06
10.61,4.055800720519527e-09,0.36699037037819293,0.0,0.0005976365515463881,0.0904749693825535,-3.722985570437284e-05,2.37057962045466e-07,0.0,-1.4029696751757018e-08,0.6951117287259995,0.0,1.1708735693433196e-06
10.62,2.3368948286255243e-08,0.37085774801672616,0.0,0.0009972870245246956,0.09026604178907019,-6.436071215598463e-05,-7.229881629848563e-08,0.0,-1.3692162963394575e-08,0.7034404455438464,0.0,8.70869295175167e-08
10.63,4.5268178663730983e-08,0.37555912938517816,0.0,0.002047401022789226,0.08962695882290066,-9.164373222648817e-05,-4.5094141416970976e-07,0.0,-1.1744054674431409e-08,0.7129263665186434,0.0,-1.2970610501890923e-06
10.64,6.801601392042897e-08,0.3804009611750709,0.0,0.0037289380279605894,0.08837360257335763,-0.00011609797789437628,-8.755634708196805e-07,0.0,-7.969635007537509e-09,0.722293404301515,0.0,-2.9084698314585503e-06
10.65,8.93147221338268e-08,0.38483259424257543,0.0,0.0059771652591728095,0.0864162912844861,-0.0001342602236509756,-1.3119556997715922e-06,0.0,-2.2980479308690533e-09,0.7305581947554975,0.0,-4.629199680697547e-06
10.66,1.0641112278115944e-07,0.3884580126682108,0.0,0.008687267401561012,0.08375455176933802,-0.0001424411344818383,-1.7157310618045357e-06,0.0,5.149954078756923e-09,0.7370493472440434,0.0,-6.297536942507852e-06
10.67,1.1628006589031663e-07,0.3910332070440167,0.0,0.011723449116617091,0.08046426391645005,-0.00013707544561811688,-2.034378962822247e-06,0.0,1.4024019997769794e-08,0.7413968904209108,0.0,-7.714204525118491e-06
10.68,1.1588731874427263e-07,0.39245217689719775,0.0,0.014930821566386226,0.07667924059427995,-0.0001151524923254297,-2.2107884935568837e-06,0.0,2.3721509015735865e-08,0.7434983535045234,0.0,-8.654408258405376e-06
10.69,1.0252397531697913e-07,0.3927249224978593,0.0,0.018148754694314703,0.07256981488421953,-7.470083373730833e-05,-2.1882513319048294e-06,0.0,3.338672077935919e-08,0.7434689173299794,0.0,-8.885947192697398e-06
10.7,7.419444855740317e-08,0.3919507782468006,0.0,0.021223800951174657,0.06832131750277204,-1.5287626358199314e-05,-1.916789788322716e-06,0.0,4.1938012601276415e-08,0.7415832192213008,0.0,-8.193003925662002e-06
10.71,3.002934509457273e-08,0.39029015256659577,0.0,0.024020269947622894,0.06411510167669507,6.151885452497428e-05,-1.3604636312651976e-06,0.0,4.812727336717633e-08,0.738215746357505,0.0,-6.404497548918735e-06
10.72,-2.931593873891752e-08,0.3879372877242212,0.0,0.026427377375369064,0.060113803320463656,0.0001517850009824613,-5.051051128617272e-07,0.0,5.063383071341753e-08,0.7337853952005654,0.0,-3.425075637765451e-06
10.73,-1.0132497974680005e-07,0.3850960894424585,0.0,0.02836305584793367,0.056451273433805536,0.00024901314773242896,6.342655246994648e-07,0.0,4.8191602434389436e-08,0.7287080761148714,0.0,7.339871203549635e-07
10.74,-1.8140050358000522e-07,0.38196041586315826,0.0,0.0297750842870359,0.05322684252675445,0.0003441753935911922,2.0072580471577148e-06,0.0,3.9744293528096964e-08,0.7233596722290939,0.0,5.927438459393785e-06
10.75,-2.628166027034684e-07,0.37869953237060866,0.0,0.030640145708996615,0.050503341906532453,0.00042603952098845346,3.5241864222562484e-06,0.0,2.4618932373358794e-08,0.7180503590749573,0.0,1.1856233599966203e-05
10.76,-3.3689444824000264e-07,0.37544884790192795,0.0,0.03096146882088514,0.048308092231308955,0.00048183056648057223,5.055445645741867e-06,0.0,2.703400022599427e-09,0.713010116645302,0.0,1.8059475897368433e-05
10.77,-3.9344193702893353e-07,0.3723055907026599,0.0,0.030765895178974177,0.04663580817700969,0.0004982466420701077,6.435151124163459e-06,0.0,-2.5390684751340546e-08,0.708384266739452,0.0,2.3922159622696495e-05
10.78,-4.214792620454465e-07,0.3693287248870879,0.0,0.030100920949751198,0.04545249690048338,0.00046281412016298013,7.469783948091983e-06,0.0,-5.820173540476229e-08,0.7042372862242207,0.0,2.8702092026713477e-05
10.79,-4.1024655038745726e-07,0.36654216054949035,0.0,0.029031536953483258,0.04469993604678929,0.00036552676543434045,7.952228012231301e-06,0.0,-9.335246802937497e-08,0.7005629654524314,0.0,3.157814779990495e-05
10.8,-3.504573649865707e-07,0.3639402205231709,0.0,0.02763629230057536,0.04430067484618121,0.00020066850871782983,7.681088812893685e-06,0.0,-1.27568197304096e-07,0.6972989236163114,0.0,3.172021744955763e-05
10.81,-2.357248605521543e-07,0.36149438937367123,0.0,0.02600220419897005,0.04416349899586014,-3.132579147586457e-05,6.484566842208834e-06,0.0,-1.5679966513373309e-07,0.6943434505788706,0.0,2.8378898584761062e-05
10.82,-6.404857988205816e-08,0.3591605141663373,0.0,0.024218617985429132,0.04418914281577066,-0.00032215806563658033,4.247456966251839e-06,0.0,-1.7646480505560977e-07,0.6915727199366621,0.0,2.0990262591048624e-05
10.83,1.6078690103758122e-07,0.3568857988794864,0.0,0.022370727765652663,0.04427582874438597,-0.0006543201327536859,9.391142515708393e-07,0.0,-1.8181450517258174e-07,0.6888566416710439,0.0,9.28810187492115e-06
10.84,4.2808039527726994e-07,0.354615108001516,0.0,0.020533971605278943,0.04432406013989604,-0.0010003429210133,-3.360460327000086e-06,0.0,-1.684150246355093e-07,0.6860719802523307,0.0,-6.586806808070108e-06
10.85,7.195468532314086e-07,0.3522962362136472,0.0,0.018770336097762935,0.0442402822166033,-0.0013228637538868773,-8.43981596197354e-06,0.0,-1.3272479821932894e-07,0.6831119218413931,0.0,-2.59933653928012e-05
10.86,1.009313059522056e-06,0.3498839025647428,0.0,0.017126654505453486,0.04393960031176586,-0.0015756971699496366,-1.3944257706336547e-05,0.0,-7.272691271545695e-08,0.6798919836147326,0.0,-4.772739237340377e-05
10.87,1.26475458088209e-06,0.34734233914431656,0.0,0.01563416224325902,0.043348203874753355,-0.0017060273762841325,-1.9376789274856036e-05,0.0,1.1438026498188875e-08,0.6763527115395199,0.0,-7.000462136973022e-05
10.88,1.4483067023666439e-06,0.34464651118933187,0.0,0.014308748805783705,0.042406006031402224,-0.0016577417343138835,-2.4115106083463105e-05,0.0,1.1690879196966533e-07,0.6724597407631981,0.0,-9.050364159631164e-05
10.89,1.5203095665134524e-06,0.3417821888673612,0.0,0.01315220790502829,0.04106943076814389,-0.0013757978783480221,-2.7447058266553552e-05,0.0,2.3769141962346428e-07,0.6682016153086597,0.0,-0.00010648011202732627
10.9,1.442849069827798e-06,0.3387451982266738,0.0,0.012155258281473501,0.03931384507171889,-0.0008113698652986519,-2.8625601720282136e-05,0.0,3.644843343342515e-07,0.6635856569157188,0.0,-0.00011495870748643567
10.91,1.1844342150833463e-06,0.3355401663667523,0.0,0.0113026171401234,0.03713516373375833,7.26361361582587e-05,-2.694236452662917e-05,0.0,4.848237649242553e-07,0.6586323382587437,0.0,-0.00011300235387956857
10.92,7.252160296560952e-07,0.33217897970100846,0.0,0.010579296616161245,0.03455050260615374,0.0012962507168472475,-2.1816655175036314e-05,0.0,5.836192174509823e-07,0.653368946008806,0.0,-9.804960156558663e-05
10.93,6.23139400667965e-08,0.32867906151444615,0.0,0.009976290930670572,0.031598094863393565,0.0028579600404809507,-1.2894173233291807e-05,0.0,6.441241876210679e-07,0.6478235814869759,0.0,-6.830094944070755e-05
10.94,-7.85312877601057e-07,0.3250615080152025,0.0,0.00949364905389509,0.028336724575925364,0.004731790480606178,-1.4706634218797837e-07,0.0,6.493510941339618e-07,0.6420205217418189,0.0,-2.312432140592514e-05
10.95,-1.7731120115918934e-06,0.3213491329014767,0.0,0.009139916663661585,0.024844567329083554,0.00686663397948649,1.6035413557814192e-05,0.0,5.838925089340708e-07,0.6359775583100993,0.0,3.6560270515984005e-05
10.96,-2.8290187274675374e-06,0.31756453047624356,0.0,0.008928531316946566,0.02121682268478189,0.009188324257755596,3.4778241014124834e-05,0.0,4.360554830892186e-07,0.6297053210146006,0.0,0.00010796532641642223
10.97,-3.85407636667393e-06,0.31372831047018274,0.0,0.008872878996993894,0.017561360942249256,0.011604653568100233,5.468745627207665e-05,0.0,2.0015600943927366e-07,0.6232081182814944,0.0,0.0001862435907676955
10.98,-4.726208523978514e-06,0.3098576511778323,0.0,0.008981818572630917,0.013992029466304427,0.01401302629768502,7.386571919915222e-05,0.0,-1.2123814251361778e-07,0.6164856572395174,0.0,0.000264473729114746
10.99,-5.3075696419146144e-06,0.30596527821633007,0.0,0.009256846570328868,0.01062008552652691,0.01630983837098265,8.998791844988853e-05,0.0,-5.153790541600856e-07,0.6095350695504397,0.0,0.00033387394420185043
11.0,-5.455617846272668e-06,0.3020589220306868,0.0,0.009691192244043344,0.007545016631584587,0.01840016989552253,0.00010044455119156463,0.0,-9.580231727096033e-07,0.602352845909356,0.0,0.00038428196195023755
11.01,-5.037679210599031e-06,0.29814123417243055,0.0,0.010270251574450833,0.004846366722971495,0.020206292109285335,0.00010255513458925703,0.0,-1.4130391455771986e-06,0.5949365365014845,0.0,0.00040492101078480136
11.02,-3.948323142243236e-06,0.2942100608111942,0.0,0.010972118319462702,0.0025779519448716325,0.02167390899355907,9.384674213840956e-05,0.0,-1.8332301718642133e-06,0.5872863400927961,0.0,0.0003854455520464951
11.03,-2.1283740514772144e-06,0.29025893441241396,0.0,0.011766983956470927,0.0007652169064272935,0.02277566313289232,7.238421186246224e-05,0.0,-2.1626053480486305e-06,0.5794067927231908,0.0,0.00031722861901388466
11.04,4.1611227751331365e-07,0.2862776964938385,0.0,0.012615117515665897,-0.0005942055579886532,0.023511819973696536,3.712922849516012e-05,0.0,-2.3402365206445764e-06,0.5713085332554542,0.0,0.00019481666462976813
11.05,3.597023592192645e-06,0.2822532704374567,0.0,0.01346450300718383,-0.0015271893770656736,0.023908148631423574,-1.1703838806346062e-05,0.0,-2.3056977634921425e-06,0.5630097164741952,0.0,1.7440768604365885e-05
11.06,7.231962002635124e-06,0.27817067067722634,0.0,0.014250026784451015,-0.0020798297268867483,0.024011108192574196,-7.233571667972703e-05,0.0,-2.0059081340787463e-06,0.5545364138245411,0.0,-0.0002095612005189769
11.07,1.1039200794014635e-05,0.2740143124928853,0.0,0.014895877345241884,-0.002311064370657722,0.023880708121147783,-0.00014119998637854698,0.0,-1.4029944799968114e-06,0.5459214689077324,0.0,-0.0004735837158641987
11.08,1.4642314112441735e-05,0.2697695976173003,0.0,0.015321818111295871,-0.0022860714816732137,0.023581782058149533,-0.00021285962833661554,0.0,-4.825750437080044e-07,0.5372016638543752,0.0,-0.0007540406711852451
11.09,1.7586559446992232e-05,0.265424638269005,0.0,0.015452700759194138,-0.002070196826620491,0.023174768564550106,-0.0002801088440468842,0.0,7.383428216371462e-07,0.5284135319962399,0.0,-0.0010222840747862406
11.1,1.9368345733702133e-05,0.26097188240872177,0.0,0.01522940112712085,-0.001723984681784718,0.02270732828862891,-0.00033429854900374016,0.0,2.2048310265214955e-06,0.5195885804341271,0.0,-0.0012423133265403816
11.11,1.947802437308538e-05,0.25640935791117225,0.0,0.014618728411352751,-0.0012996785279336392,0.022208123808101905,-0.00036590939844963807,0.0,3.819966639075933e-06,0.5107489038374615,0.0,-0.001372384670999001
11.12,1.745482462400249e-05,0.2517412910206757,0.0,0.013620076763592876,-0.0008393453386037299,0.021683772071227767,-0.0003653751289894384,0.0,5.444326612777508e-06,0.5019040736183643,0.0,-0.0013675554891087994
11.13,1.295108996220889e-05,0.2469779532857219,0.0,0.012267430311977036,-0.0003745809244552147,0.021119445807858867,-0.0003241319579442668,0.0,6.900064489430077e-06,0.4930498599515266,0.0,-0.0011830995550722154
11.14,5.801176081339077e-06,0.24213470856195166,0.0,0.010626351384088725,7.241268242023786e-05,0.02048301591392393,-0.00023583818142632233,0.0,7.980345216854094e-06,0.4841689532620807,0.0,-0.0007786126785143221
11.15,-3.911391516428238e-06,0.2372303525972112,0.0,0.008786616871792462,0.0004867145363092969,0.019732061463315347,-9.767423686877369e-05,0.0,8.464527455164854e-06,0.4752334567968849,0.0,-0.00012250268695220305
11.16,-1.5796427351423335e-05,0.23228495019556664,0.0,0.006852094421429466,0.0008579578004965589,0.018822584927037412,8.839950296436049e-05,0.0,8.138948975465982e-06,0.4662085690393898,0.0,0.0008035628919633216
11.17,-2.9118244324018873e-05,0.22731744180960237,0.0,0.004929887848143323,0.001177449009962397,0.017717999494451884,0.0003145781608016534,0.0,6.822509798311044e-06,0.45705670319157415,0.0,0.0020007760568100143
11.18,-4.2784781555399285e-05,0.22234329265030217,0.0,0.0031205347214279355,0.0014355899004778042,0.016396984359772833,0.0005665110002258676,0.0,4.395498829971681e-06,0.4477413717638766,0.0,0.0034504530009103924
11.19,-5.537341886171764e-05,0.21737241820998368,0.0,0.0015103895608074374,0.0016200130883244673,0.014859056641152132,0.0008231385401395898,0.0,8.293324779679018e-07,0.4382303943508578,0.0,0.005113008452564401
11.2,-6.520046127451878e-05,0.2124075749866302,0.0,0.00016665939400627494,0.001714761183933715,0.013127075161189126,0.0010572306109322563,0.0,-3.785853264781322e-06,0.4284982244525303,0.0,0.006929095710292876
11.21,-7.043830244008148e-05,0.20744336756747742,0.0,-0.0008649522661894986,0.0017007258745386352,0.01124633175054452,0.0012367535736377336,0.0,-9.219398288338753e-06,0.4185273730157027,0.0,0.008823140750319546
11.22,-6.92800572302247e-05,0.20246599125160494,0.0,-0.001560372804707329,0.0015574255767615642,0.009280402156856583,0.0013271372455221306,0.0,-1.5088077003123999e-05,0.4083090250546994,0.0,0.010709135826755914
11.23,-6.014612543266959e-05,0.19745379772317673,0.0,-0.001915618348872812,0.001266045230120892,0.007304486873843953,0.0012944310896257788,0.0,-2.0857778771885013e-05,0.397843007982081,0.0,0.012498093751443515
11.24,-4.1921002741231064e-05,0.19237873452891538,0.0,-0.0019441889026461613,0.000813499037264536,0.005397437805229406,0.0011092376696534383,0.0,-2.586240771315549e-05,0.3871372855681073,0.0,0.014106137463903953
11.25,-1.4202154019105467e-05,0.18720866256255095,0.0,-0.001673953236807315,0.0001971175767371723,0.003633843932578839,0.0007511950013055479,0.0,-2.9342526331540124e-05,0.3762071311650329,0.0,0.015462016165854344
11.26,2.2463468771113278e-05,0.18191049618171587,0.0,-0.001143951639917121,-0.0005705823830508029,0.0020773495438788582,0.00021365719172507577,0.0,-3.050475277102781e-05,0.3650740905629763,0.0,0.016513002453978628
11.27,6.638488440503478e-05,0.17645403692453332,0.0,-0.00040138300666737244,-0.0014576994459810587,0.0007759240307817156,-0.0004918933529824951,0.0,-2.8600887964083838e-05,0.3537647915205453,0.0,0.01722852938869954
11.28,0.00011460745964977893,0.17081628574253943,0.0,0.0005011244897782985,-0.0024100410385801832,-0.00024068812509602693,-0.0013322643202866022,0.0,-2.302328280899714e-05,0.3423096061298235,0.0,0.017601368497583703
11.29,0.00016290172537350748,0.16498592499042553,0.0,0.0015080035730308935,-0.0033502346323626463,-0.0009614894996648224,-0.0022504232931469994,0.0,-1.3410214008056167e-05,0.3307411350737506,0.0,0.017646496218268807
11.3,0.00020589118545128262,0.15896756798679842,0.0,0.0025631379468847855,-0.004179513506450838,-0.0013931121043294606,-0.0031654452140673734,0.0,2.4774985970996935e-07,0.31909246908961236,0.0,0.017398020867769187
11.31,0.00023734255404449884,0.15278529143142686,0.0,0.0036123159367415316,-0.004782680293400067,-0.0015575549233033045,-0.003975101122767028,0.0,1.7511946855173452e-05,0.3073951998785331,0.0,0.01690466825629408
11.32,0.0002506302735669828,0.14648490701101347,0.0,0.004605849975928104,-0.005036509252885132,-0.0014892764643617907,-0.00456150972349762,0.0,3.742387786525515e-05,0.295677204991368,0.0,0.016224383539668253
11.33,0.00023937122039836476,0.1401344066989193,0.0,0.0055013063813047465,-0.0048215204278593176,-0.001232073440097986,-0.004800046305138541,0.0,5.847197985014361e-05,0.28396032075013616,0.0,0.015418630604924256
11.34,0.00019820581628472814,0.13382204592379426,0.0,0.006266045717861402,-0.004036658337230493,-0.0008360620806668097,-0.004571393889624703,0.0,7.861100435579323e-05,0.2722581374840749,0.0,0.01454697958532629
11.35,0.00012367953349841544,0.1276516292233204,0.0,0.0068790353536689365,-0.00261595825884627,-0.000354943915542592,-0.003776241368613676,0.0,9.534606645791605e-05,0.2605742651646949,0.0,0.013662553016133928
11.36,1.5155822589237978e-05,0.12173475934166555,0.0,0.007331365948653671,-0.0005458193841923983,0.0001563942061510574,-0.002351706003332323,0.0,0.00010588954007640882,0.2489014464805963,0.0,0.012808786630319273
11.37,-0.00012432981600612298,0.11618011414868851,0.0,0.007625213722335426,0.0021189282313647697,0.00064400705765521,-0.0002881176385128046,0.0,0.00010739315667046198,0.2372217862749965,0.0,0.012017713081735623
11.38,-0.0002873817134896764,0.11108019770773482,0.0,0.007771451300674659,0.0052423227473462775,0.001056882316316859,0.002355605410398916,0.0,9.725005070448738e-05,0.2255081861029101,0.0,0.011309686346935917
11.39,-0.0004618381946151686,0.1064964194788079,0.0,0.007786383579550528,0.008600297410722829,0.0013489664470799436,0.005440079871031099,0.0,7.345245891387718e-05,0.21372694072635495,0.0,0.010694276527567012
11.4,-0.0006307629088333118,0.10244375538057035,0.0,0.007688135571945406,0.011881795088979134,0.00148138188843756,0.008739347712267673,0.0,3.498095252870274e-05,0.2018413808342473,0.0,0.010171989608776045
11.41,-0.0007729334049071859,0.09887661959441539,0.0,0.007493284137151306,0.014700072321458814,0.0014249343409360104,0.011942773728826926,0.0,-1.7808647858863957e-05,0.18981634649639054,0.0,0.009736400436860297
11.42,-0.0008638969115098874,0.09567788279858368,0.0,0.00721444246635287,0.01661574275668055,0.0011629137854587855,0.014666910968194044,0.0,-8.284303733267653e-05,0.1776231378157031,0.0,0.009376221394030994
11.43,-0.0008776171866377832,0.09265313519005498,0.0,0.006859429416609355,0.01717224852597428,0.0006940719209646245,0.016478724337120606,0.0,-0.00015608224494348573,0.1652445084278261,0.0,0.009076881773435692
11.44,-0.0007886751850772196,0.08953224583144682,0.0,0.006432245146757472,0.015943292444235042,3.5527203797369e-05,0.016930689167330017,0.0,-0.0002314140380436484,0.15267930379517916,0.0,0.008821425576857793
11.45,-0.0005749131833129777,0.08597998333607978,0.0,0.005935490116541939,0.012590365758423054,-0.0007747755319834062,0.015607121195012504,0.0,-0.00030073947258199866,0.13994645262386557,0.0,0.008590861902279812
11.46,-0.00022033222631649967,0.0816169314096379,0.0,0.0053733928772322056,0.006926958282269907,-0.0016765215151104999,0.01217970048807891,0.0,-0.00035428799667556934,0.12708810526277053,0.0,0.008364366786387533
11.47,0.0002820259276262887,0.07605116206877562,0.0,0.004754450410885238,-0.0010155254920603423,-0.0025869210977341375,0.006468617878491746,0.0,-0.0003811845535408062,0.11417172097988605,0.0,0.008119822213992595
11.48,0.0009275487216441067,0.06892013547858696,0.0,0.004092863738418616,-0.010926527466770765,-0.003402555053607693,-0.0014957672858695898,0.0,-0.00037026834063958987,0.10129084154835773,0.0,0.007835056993812995
11.49,0.0016982552808474972,0.05994111463472674,0.0,0.0034083814327563345,-0.02216720775683969,-0.004003594758578503,-0.011417243826775229,0.0,-0.0003111340336090976,0.08856419944052106,0.0,0.007489865179913522
11.5,0.0025621199556730753,0.04896708084661046,0.0,0.0027246875721619627,-0.033741342539714864,-0.004260651829159977,-0.022691536799403066,0.0,-0.00019533307820412445,0.07613276296181895,0.0,0.007068518863142125
11.51,0.003473862821465206,0.036043808243892375,0.0,0.002066880095217652,-0.04429387306145543,-0.00404425975460727,-0.03438550123291378,0.0,-1.7637813706517023e-05,0.06415439659959465,0.0,0.006562219720765986
11.52,0.004377446829415323,0.021462535583774547,0.0,0.0014587218372247369,-0.052143501837015195,-0.0032366672184161818,-0.04524531738148665,0.0,0.00022276153205447722,0.052796062632449486,0.0,0.00597087787343174
11.53,0.005210340188732213,0.005801737236996277,0.0,0.0009202298368954805,-0.055353464456135086,-0.0017452517925861419,-0.053740001046357434,0.0,0.0005212828551168181,0.04222387770387501,0.0,0.005303765748197087
11.54,0.00590934140519783,-0.010048956258486653,0.0,0.00046594625346107235,-0.05184130053434087,0.0004835217033125257,-0.05814421154903786,0.0,0.0008673707684572233,0.03259176366355614,0.0,0.0045788670796806374
11.55,0.006417437627924072,-0.02488941292845213,0.0,0.00010402601060786207,-0.03952424044089217,0.0034510249061609414,-0.056660948884494994,0.0,0.001244472982746059,0.024029788614642892,0.0,0.003821026254379861
11.56,0.006690818981899101,-0.037239906606826065,0.0,-0.00016387845695417427,-0.016492013947114734,0.007095958684646828,-0.047580391649831535,0.0,0.0016307114302020996,0.016633512260579384,0.0,0.003059230182813585
11.57,0.0067048746298804885,-0.04540600786379324,0.0,-0.00034205656776506134,0.01880604332794982,0.011288206138341932,-0.029466096513584453,0.0,0.0020003276422295184,0.010455687006577523,0.0,0.002323479274956464
11.58,0.0064578857159530755,-0.047578361651382156,0.0,-0.00043968063909930973,0.06737707935235475,0.015828715419466476,-0.0013544752809529833,0.0,0.002325891013398495,0.0055014796476813834,0.0,0.0016417226224582269
11.59,0.005971426807877935,-0.04196466526553364,0.0,-0.0004694460382034089,0.12952443890565002,0.020456666023418345,0.03705155273596625,0.0,0.002581131639736332,0.0017279414117932677,0.0,0.0010372692575326215
11.6,0.005287282186726283,-0.026947028154995285,0.0,-0.000446100162779015,0.20473195008826006,0.02486439991579083,0.08521791506210824,0.0,0.002744095847208956,-0.0009521769345662526,0.0,0.0005269637154249582
11.61,0.0044616479331378925,-0.0012535287420271197,0.0,-0.00038502333060451925,0.291611152791088,0.028719464170794174,0.14166936875512692,0.0,0.0028001349852479636,-0.0026628317325195264,0.0,0.0001202561652188993
11.62,0.0035579802146191043,0.03587138377287353,0.0,-0.00030098688561139953,0.38792433267598725,0.03169184143486149,0.20395974669632716,0.0,0.0027440958472089473,-0.0035543911128097993,0.0,-0.00018085390698562484
11.63,0.0026398524053324567,0.08451633598936248,0.0,-0.00020717159573229403,0.49068882835812483,0.0334835889567815,0.26874478032622834,0.0,0.0025811316397363134,-0.0037919646532451018,0.0,-0.0003811330590805241
11.64,0.0017648253200717183,0.1439926904204929,0.0,-0.00011448804004947901,0.596359815622236,0.03385803222603235,0.3319722927722877,0.0,0.002325891013398465,-0.0035436824170745167,0.0,-0.0004908845406710541
11.65,0.0009799104529488788,0.21278377758731892,0.0,-3.120403635355751e-05,0.7010800807902787,0.032665900179254005,0.3891923092336212,0.0,0.002000327642229478,-0.002970060305007315,0.0,-0.0005243931126583871
11.66,0.0003188470979718376,0.2885682833071433,0.0,3.714527724847902e-05,0.8009765984985342,0.0298656961108497,0.43597235399362916,0.0,0.0016307114302020515,-0.0022152944971692225,0.0,-0.0004982546029110396
11.67,-0.0001988573717892594,0.3683230614310778,0.0,8.761011154890662e-05,0.8924761590178839,0.025535683351956377,0.46838084091832866,0.0,0.0012444729827460065,-0.0014009928747662095,0.0,-0.00042977115088595403
11.68,-0.0005673623445664805,0.4484977074103001,0.0,0.0001194993081343523,0.9726073949441033,0.01987621650307778,0.48347628350794003,0.0,0.0008673707684571703,-0.0006225256499358968,0.0,-0.00033555097061497294
11.69,-0.0007927535727223916,0.5252404159049541,0.0,0.0001339366760776846,1.0392557584891793,0.013203398568791129,0.47972010251470387,0.0,0.0005212828551167683,5.210445790932586e-05,0.0,-0.0002304043187155372
11.7,-0.0008905235259672187,0.5946469120576224,0.0,0.0001333607878159776,1.091342570783149,0.005936455088442069,0.45722884466741054,0.0,0.00022276153205443377,0.0005811897240309299,0.0,-0.0001265811597842768
11.71,-0.0008826630002578446,0.6530051219595224,0.0,0.00012102157144803434,1.1289093496035414,-0.0014190979901603739,0.41780658067981874,0.0,-1.763781370655172e-05,0.0009465044583250166,0.0,-3.3355127876818375e-05
11.72,-0.000794711123427924,0.6970185913234963,0.0,0.00010051664144407934,1.1531017062489102,-0.008291719540322946,0.36474632706573673,0.0,-0.00019533307820414922,0.0011492860909601587,0.0,4.3074431577528965e-05
11.73,-0.0006530432226286139,0.7240069436127857,0.0,7.539822255095862e-05,1.16605913982904,-0.014067973415557029,0.30244295296293083,0.0,-0.0003111340336091125,0.0012055533990115502,0.0,9.941393583942751e-05
11.74,-0.0004825963120684598,0.7320913006633601,0.0,4.8869180812028547e-05,1.170725503362437,-0.018121550687642235,0.23589684169417224,0.0,-0.00037026834063959584,0.001141261916941056,0.0,0.0001349059428680578
11.75,-0.0003051505625842973,0.7203682129393846,0.0,2.3575235781137314e-05,1.1705996666721632,-0.019848117768981065,0.17019525852985126,0.0,-0.00038118455354080473,0.0009877165361198387,0.0,0.00015082879627290356
11.76,-0.00013821004578987346,0.6890587616996012,0.0,1.490718297584936e-06,1.1694479893057552,-0.018706195233045234,0.1100422390055597,0.0,-0.0003542879966755622,0.0007775592610968199,0.0,0.00014993347453081312
11.77,5.5371243382317455e-06,0.6395989728441742,0.0,-1.611224187210575e-05,1.1710007022551385,-0.014263019742563169,0.059382517558289515,0.0,-0.00030073947258198755,0.0005415398896905033,0.0,0.00013587753995646814
11.78,0.00011824718538442512,0.5746256301389151,0.0,-2.8626268651466755e-05,1.1786539658255653,-0.006242737869161046,0.02114158625292085,0.0,-0.0002314140380436348,0.00030617067865588483,0.0,0.00011270433443806273
11.79,0.0001965374093022958,0.49782016825259007,0.0,-3.602089174536938e-05,1.1951986819146136,0.0054274449052370425,-0.002913814900071972,0.0,-0.00015608224494347112,9.227173031414016e-05,0.0,8.440194858872448e-05
11.8,0.0002408070085350825,0.41360605620121127,0.0,-3.872273792010493e-05,1.222596199661109,0.020579104375672865,-0.012202554717213852,0.0,-8.284303733266222e-05,-8.566221390113737e-05,0.0,5.456261015531668e-05
11.81,0.00025438061727259525,0.32673894404867965,0.0,-3.748106194650718e-05,1.2618196226021616,0.038779462336474,-0.007258329057704001,0.0,-1.780864785885093e-05,-0.00021939764149705128,0.0,2.6150288400682844e-05
11.82,0.00024258405884279748,0.24186054212504673,0.0,-3.3233517338016446e-05,1.3127769442638786,0.05933058311441641,0.010420208258022826,0.0,3.4980952528713844e-05,-0.00030635784633244856,0.0,1.3734198807560093e-06
11.83,0.00021184552396924606,0.16309141902940533,0.0,-2.698387879515393e-05,1.3743278877373557,0.08129731593608412,0.038578690840350864,0.0,7.3452458913886e-05,-0.0003486480288088808,0.0,-1.834871635780341e-05
11.84,0.00016889390793869413,0.09371858919219792,0.0,-1.969989521350972e-05,1.444399100132886,0.10356801173260492,0.07445578091751115,0.0,9.725005070449378e-05,-0.00035187531608951353,0.0,-3.234309407107535e-05
11.85,0.00012010279578184249,0.03600604144868447,0.0,-1.2235954475634516e-05,1.520191385383697,0.12494788213197615,0.11505108876673728,0.0,0.00010739315667046606,-0.00032391142294212845,0.0,-4.0583615590457794e-05
11.86,7.10059000276266e-05,-0.008868114386838242,0.0,-5.282076308133195e-06,1.5984584558508155,0.14427871661847863,0.15739066242973263,0.0,0.00010588954007641087,-0.0002737190118796991,0.0,-4.35561017174704e-05
11.87,2.5989529852543888e-05,-0.04076165417279806,0.0,6.618770607242675e-07,1.6758229162120306,0.16057074470235316,0.1987671749655569,0.0,9.534606645791643e-05,-0.00021033133993068044,0.0,-4.2107025539867843e-05
11.88,-1.1848828731304253e-05,-0.06042981298405342,0.0,5.28985549356547e-06,1.7490879090677318,0.17312474233397554,0.23693298576475028,0.0,7.861100435579238e-05,-0.00014204222689500557,0.0,-3.729270506974017e-05
11.89,-4.0698844113024584e-05,-0.06932775210067259,0.0,8.475508902859378e-06,1.8155057365769787,0.18161954673775885,0.2702295410975561,0.0,5.8471979850141905e-05,-7.583279218428814e-05,0.0,-3.024207569919422e-05
11.9,-5.992316816319738e-05,-0.06938362916476934,0.0,1.024530730186829e-05,1.8729757549943415,0.18614526204139714,0.2976455353032965,0.0,3.7423877865252914e-05,-1.7035022810263883e-05,0.0,-2.204218805909771e-05
11.91,-6.986466378552505e-05,-0.06276906188103744,0.0,1.0743951233133928e-05,1.9201576659753146,0.18717344439641218,0.3188060024732797,0.0,1.7511946855170976e-05,3.078854240041973e-05,0.0,-1.3651646431894935e-05
11.92,-7.160859748543339e-05,-0.051688723325448716,0.0,1.0196735047678976e-05,1.9564991010186126,0.18546828897532844,0.3339025601931411,0.0,2.477498597074756e-07,6.578427662446023e-05,0.0,-5.843650368637892e-06
11.93,-6.673017641599235e-05,-0.038204665685410685,0.0,8.872805345399986e-06,1.9821866210948875,0.18195600277903268,0.3435808112828399,0.0,-1.3410214008058511e-05,8.760971411296025e-05,0.0,8.226424898827192e-07
11.94,-5.7052647459551185e-05,-0.02410461009653781,0.0,7.052344043886534e-06,1.9980364391551615,0.1775808116954339,0.3488042505934141,0.0,-2.302328280899922e-05,9.714499713223158e-05,0.0,6.005922764423171e-06
11.95,-4.44349055781867e-05,-0.010817534765431121,0.0,4.999720686476703e-06,2.0053450643447417,0.17317934149630146,0.35071403582886607,0.0,-2.860088796408559e-05,9.615805571266218e-05,0.0,9.566630278980845e-06
11.96,-3.060096093201444e-05,0.0006250926740509974,0.0,2.943703168452639e-06,2.0057208004608467,0.16939732009690467,0.35050045569377897,0.0,-3.050475277102919e-05,8.696267510469976e-05,0.0,1.1536575010160095e-05
11.97,-1.701733425121581e-05,0.009587889905147128,0.0,1.0649674542597743e-06,2.000915209820198,0.16665728709530347,0.34929614771042117,0.0,-2.9342526331541123e-05,7.210093645625643e-05,0.0,1.2079962828582258e-05
11.98,-4.818969009550789e-06,0.0157979043233314,0.0,-5.095432445080839e-07,1.9926701139002199,0.16516891704159764,0.34809475967717934,0.0,-2.5862407713156108e-05,5.407271375356829e-05,0.0,1.1451059984936151e-05
11.99,5.220122958656085e-06,0.01928795841407716,0.0,-1.7063640888766277e-06,1.9825912646508772,0.16496016603693703,0.3476933660439387,0.0,-2.085777877188527e-05,3.512598501242632e-05,0.0,9.952916710946435e-06
12.0,1.2678381047627048e-05,0.02032640184046261,0.0,-2.5006276795941457e-06,1.9720551729941438,0.16590493011628718,0.34865437731642457,0.0,-1.5088077003123943e-05,1.711347534023602e-05,0.0,7.900541950634032e-06
12.01,1.744913144527966e-05,0.019341971506084788,0.0,-2.9079620221861813e-06,1.9621512490055817,0.16773538775185787,0.35128396391792294,0.0,-9.219398288338428e-06,1.4141702696787554e-06,0.0,5.590813566163819e-06
12.02,1.9683383663735653e-05,0.016851126131674322,0.0,-2.974557646571039e-06,1.9536577528558978,0.17004720454219815,0.35562750066499516,0.0,-3.785853264780778e-06,-1.1087136240153664e-05,0.0,3.280335110982995e-06
12.03,1.9722153614579917e-05,0.013393508950494099,0.0,-2.7666604337863092e-06,1.9470472846007834,0.1723184425364841,0.3614848330618835,0.0,8.293324779686102e-07,-1.997273277639615e-05,0.0,1.1714980903337763e-06
12.04,1.8026456232553425e-05,0.009479333182450794,0.0,-2.360531263498685e-06,1.9425157285363757,0.1739608625333081,0.36844748510802217,0.0,4.395498829972496e-06,-2.5229744994696598e-05,0.0,-5.937647360275228e-07
12.05,1.5111591643100144e-05,0.0055506758727376995,0.0,-1.8336525728989466e-06,1.94002768043001,0.17440947278500912,0.37595705983346644,0.0,6.822509798311908e-06,-2.7165628301199146e-05,0.0,-1.933614146339579e-06
12.06,1.149057140714247e-05,0.0019570564015864104,0.0,-1.2576878041811622e-06,1.9393713106073187,0.1732394718055646,0.3833804042191385,0.0,8.138948975466838e-06,-2.6313500623265787e-05,0.0,-2.82075721819681e-06
12.07,7.629705715163242e-06,-0.0010556330391543241,0.0,-6.934392804025877e-07,1.9402161891577852,0.17028304410143535,0.3900933415204379,0.0,8.464527455165647e-06,-2.333774816202165e-05,0.0,-3.2732992743280925e-06
12.08,3.917668538229739e-06,-0.003344733792091106,0.0,-1.8782319547512004e-07,1.942168633742479,0.16570668830540383,0.3955618769950932,0.0,7.980345216854777e-06,-1.894810740701043e-05,0.0,-3.3435571105496343e-06
12.09,6.478990521427371e-07,-0.004861445502233484,0.0,2.2730011003494551e-07,1.9448204462512677,0.16001232278394634,0.3994097629556928,0.0,6.900064489430617e-06,-1.3827950316791735e-05,0.0,-3.1062437605328654e-06
12.1,-1.9869400482404265e-06,-0.005635204332109629,0.0,5.347305879907363e-07,1.9477883082813539,0.15394820444463717,0.40146543180845545,0.0,5.444326612777887e-06,-8.580045455553646e-06,0.0,-2.647191853792129e-06
12.11,-3.89051174869009e-06,-0.005754512459068558,0.0,7.303333177498755e-07,1.9507424615570657,0.1483488160816065,0.401787392156103,0.0,3.819966639076153e-06,-3.6908461898101972e-06,0.0,-2.053488685707665e-06
12.12,-5.050864063365404e-06,-0.00534665296112292,0.0,8.206370834467538e-07,1.9534244975187003,0.14394636745429676,0.40067087398760337,0.0,2.204831026521574e-06,4.874868506222175e-07,0.0,-1.4055879072476244e-06
12.13,-5.523628599762438e-06,-0.00455830443838968,0.0,8.200074227064569e-07,1.9556550473535002,0.14120046024254357,0.3986377064293034,0.0,7.383428216371086e-07,3.7395064205985215e-06,0.0,-7.716702590287904e-07
12.14,-5.4128569362766485e-06,-0.0035385633027643967,0.0,7.477316006373179e-07,1.9573328626624724,0.1401825574707051,0.3964077281050725,0.0,-4.825750437081288e-07,5.9764209677897375e-06,0.0,-2.0427129818823646e-07
12.15,-4.851671790083093e-06,-0.0024253509827476647,0.0,6.252893014052184e-07,1.9584272022888032,0.14053746507004813,0.3948468438475211,0.0,-1.4029944799969927e-06,7.217078266815513e-06,0.0,2.6100816360543897e-07
12.16,-3.9844657771163505e-06,-0.0013356797216296176,0.0,4.740086661614937e-07,1.9589656124752943,0.14152928671413464,0.39488775470422327,0.0,-2.0059081340789555e-06,7.563549773922898e-06,0.0,6.050365231046726e-07
12.17,-2.9518786386539e-06,-0.000359812397805597,0.0,3.1323135360467145e-07,1.9590191435737156,0.14216483907197133,0.3974261816294444,0.0,-2.3056977634923547e-06,7.1745948469776675e-06,0.0,8.233427019980219e-07
12.18,-1.879280284783731e-06,0.00044099668726806324,0.0,1.5903958485574121e-07,1.9586868360604142,0.14137317813168887,0.40320533511062734,0.0,-2.3402365206447716e-06,6.239775950495008e-06,0.0,9.234067130101307e-07
12.19,-8.69026300539713e-07,0.0010337403753420133,0.0,2.353773980952591e-08,1.9580809849608167,0.13820618887729913,0.4127087508358351,0.0,-2.1626053480487965e-06,4.956352809673109e-06,0.0,9.214771518085066e-07
12.2,3.634050675955733e-09,0.0014105827545311418,0.0,-8.53658983599356e-08,1.9573143069286378,0.13201571414945623,0.4260826272226437,0.0,-1.8332301718643446e-06,3.510390073349011e-06,0.0,8.392942480958646e-07
12.21,6.914116366891219e-07,0.0015842281464755674,0.0,-1.6376392792067048e-07,1.9564897344545849,0.12256533996020752,0.4431028631258765,0.0,-1.4130391455772952e-06,2.0628407248954624e-06,0.0,7.010252954604617e-07
12.22,1.1732032158036716e-06,0.0015824697636514734,0.0,-2.112456807146032e-07,1.9556931846958276,0.11005467940954645,0.4631903902814197,0.0,-9.580231727096687e-07,7.407706441838286e-07,0.0,5.306357969483946e-07
12.23,1.4504002842674709e-06,0.0014425691371482445,0.0,-2.301936123794613e-07,1.954989323812316,0.0950625616555083,0.4854654460889958,0.0,-5.153790541601253e-07,-3.665953371119897e-07,0.0,3.498342874539465e-07
12.24,1.5420095416394781e-06,0.001205994441394981,0.0,-2.2498400809316158e-07,1.9544200886542098,0.07843629050223773,0.5088242206843775,0.0,-1.212381425136382e-07,-1.207679999234191e-06,0.0,1.7664939867658202e-07
12.25,1.4792634450559906e-06,0.0009139026575502244,0.0,-2.0118220798380642e-07,1.9540055436481572,0.06115892155246824,0.5320234806403709,0.0,2.0015600943926598e-07,-1.7651074627001085e-06,0.0,2.4630002558532937e-08
12.26,1.3003004622063968e-06,0.0006036039308839266,0.0,-1.64803957784551e-07,1.953746540988731,0.04422042377948554,0.5537657350692511,0.0,4.3605548308921764e-07,-2.0499940795708503e-06,0.0,-9.739333371834611e-08
12.27,1.0453659445741131e-06,0.00030611004013517443,0.0,-1.2169355734797721e-07,1.953628609574656,0.028509718740966496,0.5727819819651834,0.0,5.838925089340718e-07,-2.094955030478589e-06,0.0,-1.8508341869000442e-07
12.28,7.528436002863097e-07,4.4752404133561564e-05,0.0,-7.704853836624926e-08,1.953626511038634,0.01473670462392279,0.5879101473151399,0.0,6.493510941339615e-07,-1.9467104204650232e-06,0.0,-2.3802574850107926e-07
12.29,4.562892788358028e-07,-0.00016523551940649404,0.0,-3.510148792594682e-08,1.9537089559234453,0.003387141492936869,0.5981689342749319,0.0,6.44124187621065e-07,-1.6590225398222801e-06,0.0,-2.5893514390947476e-07
12.3,1.8251472543208683e-07,-0.0003163387918794124,0.0,1.0463667444743855e-09,1.9538430553148582,-0.005291326697363626,0.602828768306651,0.0,5.836192174509766e-07,-1.2865119183053595e-06,0.0,-2.5275625602030266e-07
12.31,-4.933302600971893e-08,-0.0004077862506660619,0.0,2.9457342620468846e-08,1.953998179837277,-0.011276816111410586,0.6014798531085837,0.0,4.848237649242475e-07,-8.797067339327945e-07,0.0,-2.2575912547645757e-07
12.32,-2.2782661451349426e-07,-0.00044419166191513303,0.0,4.9280826916982953e-08,1.9541489977310742,-0.014741046610717368,0.5940927232274305,0.0,3.6448433433424284e-07,-4.814968816292105e-07,0.0,-1.847100121380503e-07
12.33,-3.4862594232732997e-07,-0.0004340109307638977,0.0,6.059782025818831e-08,1.9542775583744718,-0.016004524157525353,0.5810640254138948,0.0,2.376914196234558e-07,-1.2500456581337565e-07,0.0,-1.3617415745468538e-07
12.34,-4.133591319707517e-07,-0.00038798930520516544,0.0,6.421680986442682e-08,1.9543743716526096,-0.015485930607882059,0.5632397920790546,0.0,1.169087919696577e-07,1.672433837366559e-07,0.0,-8.598360882859814e-08
12.35,-4.282177294676147e-07,-0.0003177366036183109,0.0,6.14491348060101e-08,1.9544385043793084,-0.013651696225258221,0.5419060682432706,0.0,1.143802649818228e-08,3.830459638214365e-07,0.0,-3.888177960447087e-08
12.36,-4.0244956058213954e-07,-0.00023452810003986885,0.0,5.388784426266889e-08,1.954476772269034,-0.010970455213624764,0.5187336442939311,0.0,-7.272691271546316e-08,5.194183547609132e-07,0.0,1.6615213077204332e-09
12.37,-3.4690281517150105e-07,-0.0001483883016238541,0.0,4.320866775815677e-08,1.9545021511733698,-0.007875640891555529,0.4956671104517302,0.0,-1.3272479821933638e-07,5.809181178198104e-07,0.0,3.3484453059106144e-08
12.38,-2.727379692427102e-07,-6.747798690959803e-05,0.0,3.1005842836793625e-08,1.9545315668230205,-0.004738040450533182,0.4747616737575666,0.0,-1.6841502463552045e-07,5.776736169672793e-07,0.0,5.5645745051468087e-08
12.39,-1.9038479954618408e-07,2.225978653849225e-06,0.0,1.8669798711833846e-08,1.9545832507098897,-0.0018488324133132206,0.45798794889394673,0.0,-1.818145051725997e-07,5.233499842830531e-07,0.0,6.824894065816562e-08
12.4,-1.0878395180602194e-07,5.6991943095340304e-05,0.0,7.308550336713121e-09,1.9546738730252258,0.0005874380028178,0.4470352991721509,0.0,-1.7646480505563793e-07,4.3324267017493e-07,0.0,7.221235520841415e-08
12.41,-3.491926910690009e-08,9.518526933278748e-05,0.0,-2.2895610854649506e-09,1.954815682661712,0.002451281521766792,0.44314356532128935,0.0,-1.567996651337747e-07,3.2263615609506655e-07,0.0,6.901636650279187e-08
12.42,2.6379677551937423e-08,0.00011696791548241062,0.0,-9.657264441807966e-09,1.9550138986564913,0.0036999236183868278,0.44698471757744496,0.0,-1.2756819730415327e-07,2.0551195915641377e-07,0.0,6.045495306412124e-08
12.43,7.240471877555822e-08,0.00012390428189222783,0.0,-1.4621354773085333e-08,1.955264604998856,0.004354267833432054,0.45860644100860587,0.0,-9.335246802944835e-08,9.364062819164066e-08,0.0,4.841233092901082e-08
12.44,1.0235747063953733e-07,0.00011852764742740064,0.0,-1.7255659570410872e-08,1.9555533979418656,0.0044832275164374295,0.4774418089441274,0.0,-5.820173540484983e-08,-3.949364842373174e-09,0.0,3.4678932824055935e-08
12.45,1.1701530155497768e-07,0.00010391347852870494,0.0,-1.7822328765624373e-08,1.9558550173457971,0.004187301378613123,0.5023823671858498,0.0,-2.539068475143765e-08,-8.116489972366105e-08,0.0,2.081451714237099e-08
12.46,1.1833001308522193e-07,8.329550489223518e-05,0.0,-1.670905720431278e-08,1.95613415632236,0.003582951578110952,0.5319048287481476,0.0,2.7034000225001783e-09,-1.3476397532261732e-07,0.0,8.060421569247557e-09
12.47,1.0900859537008514e-07,5.9749121933845175e-05,0.0,-1.4368595173069204e-08,1.9563475822467438,0.00278895369304842,0.5642336939191572,0.0,2.4618932373267533e-08,-1.6406512667629322e-07,0.0,-2.701751832469904e-09
12.48,9.211654712957291e-08,3.595559424280244e-05,0.0,-1.1265358047342101e-08,1.9564476142548892,0.0019154758953551553,0.5975152873337436,0.0,3.974429352802603e-08,-1.705232070446791e-07,0.0,-1.0951223823491423e-08
12.49,7.073371138027023e-08,1.4050613936676292e-05,0.0,-7.832307139422221e-09,1.9563868873147845,0.0010562513038522476,0.6299777951255364,0.0,4.819160243435252e-08,-1.5723831962382948e-07,0.0,-1.649731047754321e-08
12.5,4.7681646340892694e-08,-4.447365105467607e-06,0.0,-4.439703810659756e-09,1.9561241938847262,0.0002838637992966248,0.660059941457923,0.0,5.063383071342845e-08,-1.2845340407005098e-07,0.0,-1.942629952300437e-08
12.51,2.533126651717232e-08,-1.863960805775409e-05,0.0,-1.375960713822373e-09,1.9556310381130986,-0.00035210648942493567,0.6865028760622307,0.0,4.8127273367247475e-08,-8.908160383083497e-08,0.0,-2.003531752801656e-08
12.52,5.490615020417729e-09,-2.8194799439148294e-05,0.0,1.1602922753929255e-09,1.9548983759168217,-0.0008245266632283378,0.7084068236040367,0.0,4.1938012601416857e-08,-4.428921097803437e-08,0.0,-1.8761728331289897e-08
12.53,-1.0634356759386434e-08,-3.325811390132745e-05,0.0,3.0586049552670098e-09,1.9539428627462274,-0.0011263071539215623,0.7252544363057832,0.0,3.338672077957269e-08,8.544096105140437e-10,0.0,-1.6115187997934824e-08
12.54,-2.2418010031641838e-08,-3.433777284760227e-05,0.0,4.287724111409383e-09,1.9528118085827137,-0.0012667558726979413,0.7369021586625929,0.0,2.3721509016019062e-08,4.166047389004371e-08,0.0,-1.2617742041350077e-08
12.55,-2.9747047876793433e-08,-3.21837647072066e-05,0.0,4.881578495403164e-09,1.9515859681332492,-0.0012672759608734416,0.7435428037978753,0.0,1.4024019998110566e-08,7.40470453253026e-08,0.0,-8.755507583632562e-09
12.56,-3.292207229283857e-08,-2.767099000339866e-05,0.0,4.9225227841616756e-09,1.950379295007363,-0.0011569257893211651,0.7456455834809225,0.0,5.149954079133381e-09,9.472139002216263e-08,0.0,-4.9437197585860896e-09
12.57,-3.254373114358524e-08,-2.169611537466916e-05,0.0,4.5238871431703635e-09,1.9493348814542872,-0.0009682615676960508,0.7438818718378448,0.0,-2.2980479304887504e-09,1.0133222605157506e-07,0.0,-1.505375493760164e-09
12.58,-2.9396680421206326e-08,-1.5094262628420757e-05,0.0,3.813506904434086e-09,1.948616504520541,-0.0007337683972381359,0.7390454508513393,0.0,-7.969635007194267e-09,9.260227301654759e-08,0.0,1.3375317525471101e-09
12.59,-2.434198129493485e-08,-8.578634381211238e-06,0.0,2.9194668582689303e-09,1.9483955116487892,-0.00048306823117073215,0.7319752196217254,0.0,-1.174405467417309e-08,6.844515292322969e-08,0.0,3.462082018790763e-09
12.6,-1.8225567054351204e-08,-2.7035230524990475e-06,0.0,1.95883962482009e-09,1.9488331990451606,-0.00024098385794936152,0.7234867967922741,0.0,-1.369216296327253e-08,3.0062475823720924e-08,0.0,4.834234618282094e-09
12.61,-1.1807393543597242e-08,2.1509814626492674e-06,0.0,1.0297705279015341e-09,1.9500593462225544,-2.6444612486783452e-05,0.7143174941181102,0.0,-1.4029696751821308e-08,-1.9991819013464406e-08,0.0,5.493009914235259e-09
12.62,-5.713100368277072e-09,5.775803166636024e-06,0.0,2.0689380781036605e-10,1.952148136329779,0.0001478530467081127,0.7050871036782279,0.0,-1.3067746809149195e-08,-7.780066819579001e-08,0.0,5.531621224712737e-09
12.63,-4.076531966171234e-10,8.115356208399007e-06,0.0,-4.6022350843375063e-10,1.9550932649388018,0.0002751665827801984,0.696275058303035,0.0,-1.1165358965309808e-08,-1.3815298504985356e-07,0.0,5.077853532260583e-09
12.64,3.8113746204321714e-09,9.240202969689908e-06,0.0,-9.461146670557036e-10,1.9587845564006763,0.0003539735261284869,0.6882129538948262,0.0,-8.687962379490944e-09,-1.9472092143012965e-07,0.0,4.2755658569682955e-09
12.65,6.8044467351494e-09,9.314311778255037e-06,0.0,-1.2465419889334582e-09,1.962988792426855,0.00038695273530834875,0.6810902519816763,0.0,-5.974031473386999e-09,-2.403707913697836e-07,0.0,3.2686988352385973e-09
12.66,8.568853306768672e-09,8.560872038710462e-06,0.0,-1.3743760842499287e-09,1.9673376328541647,0.0003798403657437142,0.6749702386616525,0.0,-3.31115836843506e-09,-2.676250540020964e-07,0.0,2.1886575557875026e-09
12.67,9.210009366570894e-09,7.229921462135922e-06,0.0,-1.3548510691013154e-09,1.9713253971645488,0.00034029700169702515,0.6698129815788046,0.0,-9.216400118106641e-10,-2.692791609581396e-07,0.0,1.1454602337376244e-09
12.68,8.909358831443252e-09,5.570207588258932e-06,0.0,-1.2207436137487979e-09,1.9743190138157065,0.0002768910517165631,0.6655020452668294,0.0,1.0431707311982631e-09,-2.391584521349382e-07,0.0,2.226310515152013e-10
12.69,7.892411607412175e-09,3.8068443830634676e-06,0.0,-1.0079143088447708e-09,1.9755815941214652,0.00019826827010251534,0.661872022026664,0.0,2.5011091202011766e-09,-1.7297776926009114e-07,0.0,-5.245076684571917e-10
12.7,6.399683519770386e-09,2.12551537689826e-06,0.0,-7.515251554931826e-10,1.9743098471075102,0.00011254201188346513,0.6587344263680348,0.0,3.431757557319798e-09,-6.924188109052155e-08,0.0,-1.0677134235228344e-09
12.71,4.66246890629087e-09,6.632760456718523e-07,0.0,-4.831211286303998e-10,1.969683970468275,2.690674524933368e-05,0.6559001026416107,0.0,3.865173313197409e-09,6.989933551183829e-08,0.0,-1.4025683590777678e-09
12.72,2.884544519964856e-09,-4.945445889671443e-07,0.0,-2.2864800942972034e-10,1.9609268412566578,-5.254916356412543e-05,0.6531969331822574,0.0,3.868582003682341e-09,2.3794770969779107e-07,0.0,-1.5438270661742192e-09
12.73,1.2301518240947764e-09,-1.312235597819759e-06,0.0,-7.38105053828877e-12,1.9473674700061556,-0.00012087472400835373,0.6504822474659513,0.0,3.532631853397488e-09,4.2362620337150985e-07,0.0,-1.5200700534192163e-09
12.74,-1.820182271716661e-10,-1.7975172338723847e-06,0.0,1.6833572437007e-10,1.9285020318698032,-0.0001741863619880471,0.6476498775232657,0.0,2.958504878531263e-09,6.10845161814718e-07,0.0,-1.3682777539812017e-09
12.75,-1.2795809054077205e-09,-1.992499928391089e-06,0.0,2.9268992648832656e-10,1.9040446836157012,-0.00020955474765174843,0.6446322541725398,0.0,2.2468319780847257e-09,7.791797618994248e-07,0.0,-1.1288168413080941e-09
12.76,-2.0330001558466577e-09,-1.9629963610301606e-06,0.0,3.655175396804883e-10,1.873960237628635,-0.00022490219097313162,0.641398281175453,0.0,1.4890007284771128e-09,9.049473015719035e-07,0.0,-8.411905253028843e-10
12.77,-2.4491115423339586e-09,-1.7872931427029648e-06,0.0,3.911177374318673e-10,1.8384721320542983,-0.0002189536176830773,0.6379479621281415,0.0,7.611106998723858e-10,9.629300331293268e-07,0.0,-5.407632466674333e-10
12.78,-2.562831286616107e-09,-1.5453349548775238e-06,0.0,3.7693545496265115e-10,1.7980425867518848,-0.00019126826592189719,0.6343048999266623,0.0,1.205454665456442e-10,9.28729351297492e-07,0.0,-2.56540389322982e-10
12.79,-2.428160796115578e-09,-1.3090942760152708e-06,0.0,3.3225677524322347e-10,1.7533274206387182,-0.00014235999856755338,0.6305078536417852,0.0,-3.950920497092619e-10,7.816625258076142e-07,0.0,-9.974228152380229e-12
12.8,-2.109423106894988e-09,-1.1347155737251273e-06,0.0,2.670298006448735e-10,1.7051141913876227,-7.389345291108366e-05,0.626602507993059,0.0,-7.670875535342675e-10,5.080282644772885e-07,0.0,1.853164151847558e-10
12.81,-1.6734493132335082e-09,-1.0568486591598067e-06,0.0,1.9088799381749536e-10,1.6542558731742623,1.107678069473696e-05,0.6226344290356272,0.0,-9.932585900740427e-10,1.0447897542342978e-07,0.0,3.2308151803263186e-10
12.82,-1.1831980254823625e-09,-1.0854292468181377e-06,0.0,1.1241782394484972e-10,1.601610823744901,0.00010787404231465618,0.6186438158526418,0.0,-1.084649098470561e-09,-4.188453789046849e-07,0.0,4.0342844555520293e-10
12.83,-6.930632937149895e-10,-1.2050265809781295e-06,0.0,3.8680964836510696e-11,1.5479947120558126,0.00021003714121910945,0.6146622097481734,0.0,-1.0617652903517807e-09,-1.0358337469313389e-06,0.0,4.3146795667824865e-10
12.84,-2.459246090456996e-10,-1.376754094989776e-06,0.0,-2.5024634689696704e-11,1.494145335382954,0.0003092960223947378,0.6107109674230491,0.0,-9.507793571106165e-10,-1.7030215241136496e-06,0.0,4.1580860666433436e-10
12.85,1.2817123791344575e-10,-1.5426220861560852e-06,0.0,-7.51995468577024e-11,1.4406991163460536,0.0003957517782350431,0.6068011328325079,0.0,-7.80040120227363e-10,-2.359758961282302e-06,0.0,3.670634043948727e-10
12.86,4.1192619559792776e-10,-1.6320930004687089e-06,0.0,-1.1002007682497857e-10,1.3881778073050617,0.0004583158104089955,0.6029343085759568,0.0,-5.771311477523977e-10,-2.9303289395640953e-06,0.0,2.9649685374687474e-10
12.87,5.996087817781354e-10,-1.5704731868218409e-06,0.0,-1.2910931075513324e-10,1.3369840819885184,0.0004854420086493243,0.599104153943582,0.0,-3.666180666914365e-10,-3.328303148349912e-06,0.0,2.1490112044999135e-10
12.88,6.951094586236804e-10,-1.2886364683861748e-06,0.0,-1.3325219215446875e-10,1.287404689494526,0.00046615579898030276,0.5952981852050695,0.0,-1.6853649611453865e-10,-3.463254673420846e-06,0.0,1.317512402633035e-10
12.89,7.095650355595692e-10,-7.334263867316627e-07,0.0,-1.2409869697901852e-10,1.23961972414423,0.00039134623131905337,0.5914996146190311,0.0,2.4036810897323633e-12,-3.2497149044795e-06,0.0,5.465430085790978e-11
12.9,6.58851199520004e-10,1.2206638139841935e-07,0.0,-1.0388957520020142e-10,1.193716442069272,0.0002552443828427447,0.5876890329903621,0.0,1.3697955922314514e-10,-2.617983238106148e-06,0.0,-1.0921361886291102e-11
12.91,5.611905560909747e-10,1.2692924261601694e-06,0.0,-7.522751997800953e-11,1.149705998847388,5.696677393298913e-05,0.5838458109449015,0.0,2.3110204346332628e-10,-1.5260871026473774e-06,0.0,-6.167247172239155e-11
12.92,4.350611320755668e-10,2.6571427325352794e-06,0.0,-4.090444206975816e-11,1.1075415213727648,-0.00019803926268533275,0.5799491611237666,0.0,2.8508798806276336e-10,2.8126540897451124e-08,0.0,-9.629203300073212e-11
12.93,2.975248719246282e-10,4.188048686614466e-06,0.0,-3.7840530073433855e-12,1.0671360639908918,-0.0004968449640151426,0.5759788625554241,0.0,3.0270060093239115e-10,1.9960751745001715e-06,0.0,-1.1516150135661217e-10
12.94,1.6303361500508928e-10,5.718332760610911e-06,0.0,3.327072205881843e-11,1.0283792188278982,-0.0008184007860187153,0.5719156958248622,0.0,2.9009112490704467e-10,4.270227387525816e-06,0.0,-1.1996026140626684e-10
12.95,4.27160856930611e-11,7.063708345280812e-06,0.0,6.744303641511499e-11,0.9911514287266155,-0.0011336251413008888,0.5677416707399209,0.0,2.547553160666234e-10,6.6802291957873994e-06,0.0,-1.132440882638139e-10
12.96,-5.5893424390326504e-11,8.010545042678416e-06,0.0,9.60015166391338e-11,0.9553353604129262,-0.001406413833713274,0.5634401456110929,0.0,2.0459293463538278e-10,8.994964399952362e-06,0.0,-9.80360554366445e-11
12.97,-1.287543500534409e-10,8.333092730225147e-06,0.0,1.163555467071238e-10,0.9208240087004296,-0.001595710422816505,0.5589959388245197,0.0,1.471307891313325e-10,1.0931912320343045e-05,0.0,-7.746306996816944e-11
12.98,-1.7493462065014162e-10,7.816297822300343e-06,0.0,1.2614514378787236e-10,0.8875254969151611,-0.001658695686148924,0.5543955200460605,0.0,8.894275337263361e-11,1.2174721833546363e-05,0.0,-5.446020376872581e-11
12.99,-1.9603480128178465e-10,6.283169885257848e-06,0.0,1.2337785453261483e-10,0.8553647969507677,-0.0015550439067898972,0.549627342138401,0.0,3.5275865595451694e-11,1.2399254973924015e-05,0.0,-3.155436622028016e-11
13.0,-1.9551233276700274e-10,3.624907529004927e-06,0.0,1.0661619101671483e-10,0.8242828029111605,-0.0012520596599789773,0.5446823386234144,0.0,-1.0128347152373972e-11,1.1307481011048231e-05,0.0,-1.0729475202128199e-11
13.01,-1.7798615247604092e-10,-1.6876866096149222e-07,0.0,7.520838643005812e-11,0.7942333489421981,-0.0007303597087447665,0.5395545689932357,0.0,-4.504296907849345e-11,8.66756428443965e-06,0.0,6.632307962612038e-12
13.02,-1.485867158396897e-10,-4.982320341561877e-06,0.0,2.954371401631146e-11,0.7651788626947225,1.0386935626532608e-05,0.5342419497154088,0.0,-6.863028885122587e-11,4.3573570370344834e-06,0.0,1.9744224833839843e-11
13.03,-1.123987124992791e-10,-1.0553903603624254e-05,0.0,-2.8697506233486905e-11,0.7370853920891899,0.0009462856770111897,0.5287469671787547,0.0,-8.122131170352801e-11,-1.5926176064940412e-06,0.0,2.835778003554962e-11
13.04,-7.402565434263579e-11,-1.646571707797862e-05,0.0,-9.633845182484718e-11,0.7099177377505804,0.0020253400886165035,0.5230772350709383,0.0,-8.40396006082283e-11,-8.96160091065538e-06,0.0,3.2670564361810426e-11
13.05,-3.7288673593178085e-11,-2.214909888932372e-05,0.0,-1.6859035952017407e-10,0.6836353706509393,0.003165655872945143,0.5172457376414314,0.0,-7.890539462243809e-11,-1.731207557646127e-05,0.0,3.3214528112423665e-11
13.06,-5.057511475009679e-12,-2.690770928623836e-05,0.0,-2.390743475980369e-10,0.6581897184334792,0.004256488360799954,0.5112705963850115,0.0,-6.795007592461444e-11,-2.5980190755803526e-05,0.0,3.073862954675498e-11
13.07,2.0799466259553822e-11,-2.9961036980487828e-05,0.0,-3.000239398171328e-10,0.6335232689959017,0.00516278755675135,0.5051742143812653,0.0,-5.3363791068345444e-11,-3.408874404658033e-05,0.0,2.6097331838655297e-11
13.08,3.936702560700176e-11,-3.050882586478462e-05,0.0,-3.427015576365117e-10,0.6095707709025656,0.0057336842794899825,0.4989816919791436,0.0,-3.719130644740751e-11,-4.0587329941767385e-05,0.0,2.015348365319714e-11
13.09,5.056159061968621e-11,-2.7814870184522748e-05,0.0,-3.580453866623963e-10,0.5862626126855112,0.005815045935946791,0.4927184700169894,0.0,-2.1183766353711045e-11,-4.43224848946909e-05,0.0,1.3701053315933556e-11
13.1,5.4962661110046695e-11,-2.130607191773318e-05,0.0,-3.375397886530902e-10,0.5635302443715648,0.005265818240627727,0.48640724033674004,0.0,-6.707506696896089e-12,-4.413808848736392e-05,0.0,7.41028942927728e-12
13.11,5.3621842191339175e-11,-1.0679868226774625e-05,0.0,-2.7427387812328347e-10,0.5413132744475196,0.003977379905335628,0.4800642633916075,0.0,5.294160807292389e-12,-3.9002991310417613e-05,0.0,1.7953696438010358e-12
13.12,4.787093756585875e-11,3.989633666438905e-06,0.0,-1.6412088956009644e-10,0.5195676469872239,0.0018946051714778366,0.4736953418782067,0.0,1.4294051948083853e-11,-2.8159005614073435e-05,0.0,-2.7973876901918807e-12
13.13,3.914610344672099e-11,2.2158920159905418e-05,0.0,-6.938236195585182e-12,0.49827409345149565,-0.0009631977718760733,0.4672918074411077,0.0,2.0139245788226003e-11,-1.1278293976983303e-05,0.0,-6.1840738249779005e-12
13.14,2.8840059385758424e-11,4.2749596256019175e-05,0.0,1.923418285843967e-10,0.47744588182056796,-0.004483765368342001,0.460826972131894,0.0,2.298531310453092e-11,1.1384791900931904e-05,0.0,-8.32464018241856e-12
13.15,1.818935918954509e-11,6.412472507010396e-05,0.0,4.2288423870284417e-10,0.45713477494602683,-0.008448392659280267,0.45425356333644595,0.0,2.3217451242980883e-11,3.886576176065856e-05,0.0,-9.295667038506895e-12
13.16,8.199175005786484e-12,8.412079589578005e-05,0.0,6.675511848664458e-10,0.43743408408795237,-0.012526218021274179,0.4475026856272319,0.0,2.136819821057904e-11,6.940653085445992e-05,0.0,-9.258701441194259e-12
13.17,-3.9575485886349247e-13,0.00010014666386047073,0.0,9.030922365494165e-10,0.41847778502123034,-0.01627885322564902,0.4404848216473426,0.0,1.8039652502464038e-11,0.00010043764555308823,0.0,-8.427910475987524e-12
13.18,-7.138244042969365e-12,0.0001093564104423827,0.0,1.1010640945072016e-09,0.4004348710291719,-0.019177437999233195,0.4330932855249062,0.0,1.3836054340860287e-11,0.00012864576569148416,0.0,-7.040067404581568e-12
13.19,-1.182997267716365e-11,0.00010889672893463453,0.0,1.2295754769111508e-09,0.38349845988911857,-0.020633334325289306,0.42521036989133043,0.0,9.310438579651398e-12,0.0001501417588675325,0.0,-5.329046006085038e-12
13.2,-1.449409116186076e-11,9.622132272008335e-05,0.0,1.2558860851281358e-09,0.36786964934580646,-0.020042442171596116,0.41671618140476313,0.0,4.9270530780147836e-12,0.00016073770360750545,0.0,-3.506139417752115e-12
13.21,-1.5326343915992383e-11,6.945534249597707e-05,0.0,1.1498009766125553e-09,0.3537367111496482,-0.016841556796957764,0.40749984834466385,0.0,1.039498095756673e-12,0.00015633122362008952,0.0,-1.7467219205794486e-12
13.22,-1.464141973577869e-11,2.7782770620881858e-05,0.0,8.876971186211431e-10,0.3412508929564054,-0.010573390401269365,0.3974724259543864,0.0,-2.116824475252393e-12,0.00013338322475978313,0.0,-1.8309199456847464e-13
13.23,-1.2820235136201055e-11,-2.8180166155908705e-05,0.0,4.569045057005661e-10,0.3305008056747491,-0.0009549950243699884,0.38658045029689597,0.0,-4.420317397635847e-12,8.94609865542905e-05,0.0,1.0971926058929227e-12
13.24,-1.0262568860267686e-11,-9.607084066470599e-05,0.0,-1.3994992439617498e-10,0.32148803631851086,0.012057447700518904,0.3748187399390333,0.0,-5.849760585628599e-12,2.380376410103888e-05,0.0,2.048537281908671e-12
13.25,-7.348063256073516e-12,-0.00017157619513579841,0.0,-8.811285046381106e-10,0.31410714952350954,0.02821590733400196,0.3622407671982683,0.0,-6.46493574765471e-12,-6.214595478713817e-05,0.0,2.6613353038568457e-12
13.26,-4.407238337543008e-12,-0.00024839113953538475,0.0,-1.723065579929199e-09,0.3081335163358537,0.0469490346312001,0.3489647750654073,0.0,-6.384257190829647e-12,-0.0001643138513501284,0.0,2.954085298760027e-12
13.27,-1.7029400308098695e-12,-0.00031838768817841725,0.0,-2.5993433774106e-09,0.3032223198847543,0.0673608831250899,0.3351738645677925,0.0,-5.762000233054802e-12,-0.00027574309970041953,0.0,2.9648127616453166e-12
13.28,5.783583047041706e-13,-0.00037203270743592007,0.0,-3.4219296078670665e-09,0.2989215172394024,0.08826723547847766,0.32110858218786326,0.0,-4.7672059582356625e-12,-0.0003865973307202927,0.0,2.742832423331996e-12
13.29,2.326721738397156e-12,-0.0003990746884177919,0.0,-4.085146713810676e-09,0.29470037823423245,0.10827383843283327,0.30705115407250505,0.0,-3.565754823361462e-12,-0.00048448511770810666,0.0,2.341650209645108e-12
13.3,3.5021755937902382e-12,-0.0003894955202795418,0.0,-4.472665323441172e-09,0.2899933894434896,0.12589593113433292,0.2933014874505145,0.0,-2.3065087308724804e-12,-0.0005551563763256666,0.0,1.8135322046546325e-12
13.31,4.123384471703499e-12,-0.0003346926458794196,0.0,-4.467557050506158e-09,0.2842567507404277,0.13971158035758557,0.28014641663572565,0.0,-1.1118749059424128e-12,-0.0005835932704312972,0.0,1.20599088773758e-12
13.32,4.2535824715004314e-12,-0.00022882195251806,0.0,-3.965111416690002e-09,0.2770313901473769,0.14853248231081806,0.2678254154052867,0.0,-7.268320198191564e-14,-0.0005554804059235197,0.0,5.601790557899003e-13
13.33,3.985568602349922e-12,-7.019495116762494e-05,0.0,-2.887735487567006e-09,0.26800263504228294,0.1515657394766881,0.2564979944407375,0.0,7.530861907828708e-13,-0.0004589927649360006,0.0,-8.904251080495063e-14
13.34,3.4272808353177824e-12,0.00013741120889437553,0.0,-1.2008407129700621e-09,0.2570438102779417,0.14853242322803342,0.24621952388023596,0.0,1.3384268601359117e-12,-0.00028678780545552394,0.0,-7.11773147625014e-13
13.35,2.6890928799432352e-12,0.00038370125362640077,0.0,1.0717820639400946e-09,0.24423208102446986,0.13971146965857764,0.2369317210330223,0.0,1.6831115846386488e-12,-3.803462531773376e-05,0.0,-1.2810038291780017e-12
13.36,1.8735863361806475e-12,0.0006512552446976801,0.0,3.8349437830149615e-09,0.22983175321941568,0.12589578326747197,0.22847052133438786,0.0,1.8080363606064058e-12,0.0002797364624682352,0.0,-1.770396033256274e-12
13.37,1.0681761460057952e-12,0.0009155588014207668,0.0,6.913472046443737e-09,0.2142501029741771,0.10827367385498274,0.22058898293946913,0.0,1.748907379039049e-12,0.000649219697883648,0.0,-2.152485414285234e-12
13.38,3.4063833706935717e-13,0.0011458433134740342,0.0,1.005020226320144e-08,0.19797767108271488,0.08826707919074452,0.21298931877818675,0.0,1.5499632005420479e-12,0.0010426323689566364,0.0,-2.3978209912559833e-12
13.39,-2.6267516515720163e-13,0.0013068685841176814,0.0,1.2912532236180204e-08,0.18152594721987275,0.06736076272650574,0.20535758221367956,0.0,1.2582754626603436e-12,0.001422000643231244,0.0,-2.475428822033036e-12
13.4,-7.163401130302925e-13,0.001361714882543785,0.0,1.5109109685887283e-08,0.1653724170936082,0.04694897792340421,0.1973959562208358,0.0,9.190064913482445e-13,0.0017406741359070883,0.0,-2.3548206033768237e-12
13.41,-1.013602739541141e-12,0.0012755621796457972,0.0,1.6217518240093827e-08,0.14991905477759201,0.028215939548428663,0.18884947046060682,0.0,5.718389494165181e-13,0.0019462427526382468,0.0,-2.009563335083752e-12
13.42,-1.1629289696373045e-12,0.0010203252581056938,0.0,1.582283854003959e-08,0.13546692510559763,0.012057588471158788,0.17952557492568597,0.0,2.4864499124065925e-13,0.001984925390670201,0.0,-1.4222000778844438e-12
13.43,-1.1839150608817965e-12,0.0005798915800077591,0.0,1.3565720682701146e-08,0.12220688172301866,-0.0009547347585061893,0.16930620751151476,0.0,-2.766014320452599e-14,0.0018073622863769283,0.0,-5.900808147617128e-13
13.44,-1.1030573548454694e-12,-4.4415217313048484e-05,0.0,9.197182470896305e-09,0.1102244033670362,-0.010573011315491316,0.15815282195696245,0.0,-2.432272379841909e-13,0.0013755778422190979,0.0,4.68553872290863e-13
13.45,-9.49790639633294e-13,-0.00082863595460644,0.0,2.6358540814392717e-09,0.0995153625119233,-0.01684107361432354,0.14610533280127377,0.0,-3.9255212533222014e-13,0.0006707002045967017,0.0,1.7090733422751935e-12
13.46,-7.530994763007748e-13,-0.0017218157547457058,0.0,-5.978029714773505e-09,0.09000889378563537,-0.020041885258757466,0.13327614511709965,0.0,-4.771614560510404e-13,-0.0002991558771423262,0.0,3.056498840526772e-12
13.47,-5.388970293193675e-13,-0.002643099181402102,0.0,-1.623875620214844e-08,0.08159343022456578,-0.020632750081356982,0.1198404408748175,0.0,-5.039450878156336e-13,-0.0014915945605074234,0.0,4.4040818886493895e-12
13.48,-3.2826146935182145e-13,-0.003480877059045963,0.0,-2.744896510620124e-08,0.07414229733403024,-0.01917688768741793,0.10602376778855548,0.0,-4.833567557364834e-13,-0.0028240972273683765,0.0,5.61534935637538e-12
13.49,-1.3652824314287023e-13,-0.00409448743400481,0.0,-3.861883669621704e-08,0.06753588843602013,-0.016278409962479087,0.09208779472177062,0.0,-4.276712513568728e-13,-0.004170540472978567,0.0,6.530362539745308e-12
13.5,2.6837888088334253e-14,-0.00431879688750237,0.0,-4.849752952439258e-08,0.06167828323707736,-0.012525961755036482,0.07831492499423802,0.0,-3.4944368936876795e-13,-0.005360929248374894,0.0,6.976628798333517e-12
13.51,1.5772192041480143e-13,-0.003971730013628854,0.0,-5.564202814105124e-08,0.0565071153535497,-0.008448403139311667,0.06499234444454786,0.0,-2.6027008475709904e-13,-0.006185036862508908,0.0,6.784672513028355e-12
13.52,2.5635464318019536e-13,-0.0028644856310266233,0.0,-5.85257922041174e-08,0.05199645303693919,-0.004484113325344983,0.052396053584637226,0.0,-1.6990300725501918e-13,-0.006400357481480581,0.0,5.807733339122034e-12
13.53,3.260080095369655e-13,-0.0008138033030239692,0.0,-5.568582128452413e-08,0.04815334863410719,-0.0009639347850779257,0.04077549733979796,0.0,-8.573504337750661e-14,-0.00574437128739449,0.0,3.9444450795432445e-12
13.54,3.7157262077917224e-13,0.002344735919018686,0.0,-4.5902113246449526e-08,0.04500946146034045,0.0018934573706310593,0.030339540352973583,0.0,-1.2628548138139407e-14,-0.003950617316180249,0.0,1.1627050513170274e-12
13.55,3.9818726898989735e-13,0.006743716409490504,0.0,-2.8398282573403038e-08,0.04260969506926986,0.0039758396772394105,0.021244692772173824,0.0,4.6956008360392873e-14,-0.000767504426355479,0.0,-2.4776661461262365e-12
13.56,4.1006737000855796e-13,0.0124727398843798,0.0,-3.0467427192095436e-09,0.04100004417052788,0.005263952587706676,0.013586596347170993,0.0,9.259855269718921e-14,0.004021769535990498,0.0,-6.806376093371508e-12
13.57,4.096485003263851e-13,0.01957063310397701,0.0,2.9443101662334985e-08,0.04021675141297204,0.005812975967964229,0.0073957342724896525,0.0,1.2539995461741603e-13,0.010580287887185139,0.0,-1.153143511175059e-11
13.58,3.971255367591982e-13,0.028022186576556755,0.0,6.737910209259712e-08,0.04027838366517888,0.005731586167779183,0.0026380327282362996,0.0,1.4738235907503346e-13,0.019001833051385506,0.0,-1.6238500769440104e-11
13.59,3.7042908957428746e-13,0.03775993574226437,0.0,1.0801061763974127e-07,0.04118159495426247,0.005160887665125562,-0.0007795421190778023,0.0,1.608836505029399e-13,0.029300931090478766,0.0,-2.0403722779075926e-11
13.6,3.256406775499846e-13,0.048670639199732864,0.0,1.4754995680471576e-07,0.04290037862936087,0.0042550515316846695,-0.002998990609419313,0.0,1.6801227541732414e-13,0.0414102568144225,0.0,-2.342229310744441e-11
13.61,2.578078748427661e-13,0.060605341626922056,0.0,1.8131469909159716e-07,0.04538790772915205,0.003164966330241603,-0.004198099094116818,0.0,1.702170211909664e-13,0.05518609647456622,0.0,-2.465374298194359e-11
13.62,1.6208190472579072e-13,0.0733914929887827,0.0,2.0400752012914877e-07,0.04857989321549295,0.0020256750919720318,-0.004575622067111714,0.0,1.6801227541732813e-13,0.07042122295151088,0.0,-2.348344016838131e-11
13.63,3.506447360704764e-14,0.08684558501503929,0.0,2.1013933827099618e-07,0.05239866931651756,0.0009478829018203268,-0.0043364113707412815,0.0,1.6088365050294684e-13,0.08686329285743462,0.0,-1.9397788921504242e-11
13.64,-1.237800428679861e-13,0.10078502057469396,0.0,1.945872502938715e-07,0.056757599882080435,1.3407510578468721e-05,-0.0036778755375404767,0.0,1.4738235907504143e-13,0.10423613013266116,0.0,-1.2068440629334018e-11
13.65,-3.1081431346917424e-13,0.11503827950442229,0.0,1.532614715284046e-07,0.06156562087910926,-0.0007258695742415048,-0.002778809788131995,0.0,1.2539995461742247e-13,0.12226116700930813,0.0,-1.4385634317749473e-12
13.66,-5.172002839700525e-13,0.1294527901539479,0.0,8.383647835923897e-08,0.06673176239783304,-0.001246204582318092,-0.0017912361325557668,0.0,9.259855269719118e-14,0.14067672959892827,0.0,1.2197873095224277e-11
13.67,-7.283350328995023e-13,0.1439002297794324,0.0,-1.3517593718135224e-08,0.07216943069976953,-0.0015481081254356721,-0.000835496608045113,0.0,4.6956008360387326e-14,0.15925352156125833,0.0,2.8134490031662995e-11
13.68,-9.239161432010374e-13,0.15827925105764173,0.0,-1.3548442419977934e-07,0.07780016266610501,-0.0016511596509950451,1.5047846999152878e-06,0.0,-1.2628548138155134e-14,0.1778053610943743,0.0,4.5220161913109236e-11
13.69,-1.0787692264385638e-12,0.17251585842769418,0.0,-2.7512576450243293e-07,0.08355653450499884,-0.001588250057050879,0.0006652874353134292,0.0,-8.57350433775344e-14,0.19619485189014096,0.0,6.186740070339377e-11
13.7,-1.1645175343451577e-12,0.18656182456508552,0.0,-4.216801746167084e-07,0.08938394841247281,-0.0013998779078335233,0.0011305663201791629,0.0,-1.699030072550598e-13,0.21433419296552805,0.0,7.611145828471126e-11
13.71,-1.1521015126727557e-12,0.20039163367787266,0.0,-5.607322067903847e-07,0.09524115597453466,-0.0011289873986341295,0.0013964661129629125,0.0,-2.602700847571519e-13,0.23218176623128184,0.0,8.572719239587884e-11
13.72,-1.015066733598557e-12,0.21399846489066798,0.0,-6.74832619734544e-07,0.10109958364433358,-0.0008166853611479359,0.0014808485885897174,0.0,-3.494436893688311e-13,0.24973548063216797,0.0,8.840621508332408e-11
13.73,-7.334363071688571e-13,0.22738969922940683,0.0,-7.446217506178056e-07,0.10694173922054599,-0.0004990262086568897,0.001414376456463023,0.0,-4.2767125135694284e-13,0.26702406703397397,0.0,8.199082393593474e-11
13.74,-2.978756657137307e-13,0.24058237025076687,0.0,-7.504662961116534e-07,0.11275910995990514,-0.00020492023341205746,0.0012348416470052996,0.0,-4.833567557365555e-13,0.28409756133530134,0.0,6.475397242618395e-11
13.75,2.862467961718977e-13,0.253598904592841,0.0,-6.745655072365289e-07,0.11854993777206443,4.4889401765476116e-05,0.0009821624192802906,0.0,-5.039450878157019e-13,0.3010180508712609,0.0,3.5706542108434873e-11
13.76,9.953883932516454e-13,0.2664634257189763,0.0,-5.034188897557629e-07,0.12431708804308318,0.00023791762093704595,0.0006943185512454503,0.0,-4.771614560510982e-13,0.31785143239009667,0.0,-5.094877520873117e-12
13.77,1.7854946039194125e-12,0.2791988160282757,0.0,-2.3047842482270604e-07,0.13006603833882457,0.0003692856578325889,0.000404361863973482,0.0,-3.9255212533226134e-13,0.33466057066951876,0.0,-5.627373869747238e-11
13.78,2.5913555989071856e-12,0.2918246413063731,0.0,1.4125963306168364e-07,0.13580292766040847,0.0004405408158701828,0.0001385216285545281,0.0,-2.4322723798421033e-13,0.3514999853797579,0.0,-1.1493225858414152e-10
13.79,3.328176212317686e-12,0.30435594251566117,0.0,5.970273174038414e-07,0.14153264793762202,0.000458162957070334,-8.467141910170624e-05,0.0,-2.7660143204520263e-14,0.36841206480832783,0.0,-1.7656503793070285e-10
13.8,3.895770395537618e-12,0.3168028079991039,0.0,1.108766883124902e-06,0.14725706790868298,0.00043195480074537633,-0.0002543886512465184,0.0,2.486449912406908e-13,0.38542476778311363,0.0,-2.351279857085635e-10
13.81,4.185609317064792e-12,0.32917056661405475,0.0,1.6346809172059157e-06,0.15297359570610297,0.0003734815830194184,-0.0003668240554885061,0.0,5.718389494165724e-13,0.4025507828445889,0.0,-2.832965572258056e-10
13.82,4.09069713327977e-12,0.3414603975672243,0.0,2.120187091044184e-06,0.15867436224218975,0.00029468627800378585,-0.0004240391005311167,0.0,9.190064913483143e-13,0.41978812433435136,0.0,-3.129354175027925e-10
13.83,3.5179285092385978e-12,0.3536701448332112,0.0,2.5005483332551597e-06,0.16434627995692638,0.00020676450948824075,-0.0004325359582958478,0.0,1.258275462660417e-12,0.43712209902240595,0.0,-3.1578410058424354e-10
13.84,2.4022151106407272e-12,0.3657951564716476,0.0,2.705335836526224e-06,0.1699720633988686,0.00011934274661181196,-0.00040174287681588066,0.0,1.5499632005421089e-12,0.4545284350314886,0.0,-2.843404820745959e-10
13.85,7.212824288284264e-13,0.37782902814399844,0.0,2.6647210637670954e-06,0.17553205329908167,3.996760117787757e-05,-0.00034256374053964067,0.0,1.7489073790390783e-12,0.47197717718378435,0.0,-2.1289704438939965e-10
13.86,-1.4903290280286243e-12,0.38976419098425674,0.0,2.3173888444411384e-06,0.18100649288522147,-2.6114847268192306e-05,-0.00026610569408853956,0.0,1.808036360606382e-12,0.4894368271538844,0.0,-9.865587584037464e-11
13.87,-4.129827362251056e-12,0.40159233171493913,0.0,1.619627919664527e-06,0.18637783116480772,-7.593170712704568e-05,-0.0001826587821414825,0.0,1.6831115846385516e-12,0.5068781957210237,0.0,5.7180260876774515e-11
13.88,-7.019255290138416e-12,0.41330466682355715,0.0,5.549055825962795e-07,0.19163264908571664,-0.00010856274820630908,-0.00010096369895898642,0.0,1.338426860135725e-12,0.5242775102976902,0.0,2.484683362341826e-10
13.89,-9.905077968163998e-12,0.42489211316196457,0.0,-8.570066592554731e-07,0.1967628884256612,-0.00012478684414247269,-2.7770793861362975e-05,0.0,7.530861907825842e-13,0.5416184494741085,0.0,4.63481878214092e-10
13.9,-1.2466060441548441e-11,0.43634540213240053,0.0,-2.5524899083069448e-06,0.20176620187106198,-0.00012665445929035436,3.233273248455592e-05,0.0,-7.268320198230354e-14,0.5588929466693997,0.0,6.847151247954226e-10
13.91,-1.4330781328445112e-11,0.44765517685038503,0.0,-4.419379058087892e-06,0.20664541161010463,-0.00011703923597314414,7.686912716400513e-05,0.0,-1.1118749059428926e-12,0.5761007935112933,0.0,8.892762345819661e-10
13.92,-1.510542063930213e-11,0.4588120998695351,0.0,-6.296392908196334e-06,0.21140721811647903,-9.921234728811931e-05,0.00010524258222631994,0.0,-2.3065087308730305e-12,0.5932482400624309,0.0,1.0499839073239408e-09
13.93,-1.4411490256956125e-11,0.46980698676242183,0.0,-7.977863980792385e-06,0.21606042189468913,-7.647205411347512e-05,0.00011839469593235206,0.0,-3.5657548233620465e-12,0.6103459175385958,0.0,1.1372343493980612e-09
13.94,-1.1931983203333672e-11,0.48063096480325607,0.0,-9.224664499357537e-06,0.2206140229312538,-5.184921373313774e-05,0.00011839789350778531,0.0,-4.767205958236235e-12,0.6274065132736737,0.0,1.1216379532325038e-09
13.95,-7.463074878552396e-12,0.4912756382482248,0.0,-9.781777588302631e-06,0.22507563142736425,-2.7898453360782986e-05,0.00010803559060141682,0.0,-5.76200023305531e-12,0.6444426935573712,0.0,9.773394403605205e-10
13.96,-9.671246212012494e-13,0.5017332371027763,0.0,-9.402345495387254e-06,0.22945057981615402,-6.575171712908879e-06,9.04087136482164e-05,0.0,-6.384257190830042e-12,0.6614657220315853,0.0,6.85836207860802e-10
13.97,7.378558351081923e-12,0.5119967455602653,0.0,-7.877262494769154e-06,0.2337419170111951,1.080901232710997e-05,6.859749462764339e-05,0.0,-6.464935747654955e-12,0.6784850103636895,0.0,2.4000461720671695e-10
13.98,1.7143734802723078e-11,0.5220600332195832,0.0,-5.068514531878467e-06,0.23795118980073457,2.3565047085571972e-05,4.539649327503391e-05,0.0,-5.84976058562868e-12,0.6955085611285428,0.0,-3.520569772591622e-10
13.99,2.762515051759845e-11,0.5319180194633949,0.0,-9.435695082740357e-07,0.24207974066177182,3.155522522045441e-05,2.313058425216767e-05,0.0,-4.420317397635772e-12,0.7125440804554862,0.0,-1.0638442510942686e-09
14.0,3.785137591312804e-11,0.5415668910400181,0.0,4.392717644506221e-06,0.24613019412867643,3.5088746849062514e-05,3.550915952731521e-06,0.0,-2.1168244752521976e-12,0.7296004602802945,0.0,-1.8484522318777293e-09
14.01,4.6618717931566055e-11,0.5510043896761249,0.0,1.067289338725262e-05,0.25010775350205894,3.4800217593784515e-05,-1.2196948356226492e-05,0.0,1.0394980957569242e-12,0.7466892447970299,0.0,-2.6383103675861384e-09
14.02,5.2562551314607854e-11,0.560230189716895,0.0,1.7452981356354616e-05,0.2540208814628963,3.152530776911632e-05,-2.3545171964358083e-05,0.0,4.927053078014997e-12,0.7638256099857643,0.0,-3.3471407247623443e-09
14.03,5.4265650285364845e-11,0.5692463628790095,0.0,2.411441833672557e-05,0.25788102813553243,2.618503940576623e-05,-3.0431128218406433e-05,0.0,9.310438579651463e-12,0.7810284500074451,0.0,-3.874518239752748e-09
14.04,5.040141817965784e-11,0.5780578626765585,0.0,2.9885888853626775e-05,0.26170134484400426,1.968699038193973e-05,-3.319601235042063e-05,0.0,1.383605434086009e-11,0.7983194279072439,0.0,-4.113224717998128e-09
14.05,3.9905474515384043e-11,0.586672887285961,0.0,3.388797065697671e-05,0.2654946172330562,1.2848476385085124e-05,-3.24695583994238e-05,0.0,1.8039652502463482e-11,0.8157211350177693,0.0,-3.959329546565748e-09
14.06,2.216415663748274e-11,0.5951029455334642,0.0,3.520175172997215e-05,0.2692707776025964,6.3437852347043195e-06,-2.905388815861872e-05,0.0,2.136819821057808e-11,0.8332546197775913,0.0,-3.3246093977947576e-09
14.07,-2.796453894543687e-12,0.6033624674386122,0.0,3.2960228983976084e-05,0.2730343365350771,6.75004184710739e-07,-2.3816840879044628e-05,0.0,2.3217451242979536e-11,0.850936528353324,0.0,-2.150555539297465e-09
14.08,-3.414182439397345e-11,0.611467843724778,0.0,2.6458449789004436e-05,0.27678206572911607,-3.835975183103537e-06,-1.7602114472924082e-05,0.0,2.2985313104529278e-11,0.8687761148369296,0.0,-4.22839572350034e-10
14.09,-7.01047630051209e-11,0.6194358435232028,0.0,1.527519246461797e-05,0.28050126718302076,-7.038019834066484e-06,-1.1160527310051545e-05,0.0,2.0139245788224262e-11,0.8867724184900015,0.0,1.8152453525822081e-09
14.1,-1.0793143444814178e-10,0.6272814668481876,0.0,-6.042326031041574e-07,0.2841688319773279,-8.928352400489766e-06,-5.103949731237841e-06,0.0,1.4294051948082312e-11,0.9049118066410536,0.0,4.452134830726809e-09
14.11,-1.4392242871251243e-10,0.6350154249054701,0.0,-2.0677399866647462e-05,0.2877510414988604,-9.621828417882707e-06,1.1885757808466949e-07,0.0,5.294160807291449e-12,0.9231658631160515,0.0,7.302066057154564e-09
14.12,-1.7358981945248392e-10,0.6426415522933604,0.0,-4.384196525627597e-05,0.2912039093171056,-9.316277777706571e-06,4.227017520500895e-06,0.0,-6.7075066968959366e-12,0.9414894955793941,0.0,1.0105797981089002e-08
14.13,-1.9194388809211613e-10,0.6501545064100683,0.0,-6.83572962192577e-05,0.2944739208244758,-8.257709533282836e-06,7.096606367064597e-06,0.0,-2.1183766353709252e-11,0.9598192662958871,0.0,1.2539681825923822e-08
14.14,-1.9391246312120599e-10,0.6575381114303661,0.0,-9.186672494538147e-05,0.2974992060227626,-6.708392245239675e-06,8.738298593197182e-06,0.0,-3.719130644740353e-11,0.9780722144745875,0.0,1.4234314838847642e-08
14.15,-1.7488189292823132e-10,0.664764677553842,0.0,-0.00011149422883431756,0.30021133625475127,-4.9199460483371905e-06,9.26796103354398e-06,0.0,-5.3363791068338775e-11,0.9961456770958297,0.0,1.4803276943002155e-08
14.16,-1.3133222175795015e-10,0.6717955757311534,0.0,-0.00012402478369979378,0.30253800044551116,-3.112713853058095e-06,8.874262586967778e-06,0.0,-6.795007592460468e-11,1.0139187524650815,0.0,1.3881464638149073e-08
14.17,-6.152132275041494e-11,0.678583268257985,0.0,-0.00012617082652971473,0.30440677785590003,-1.461892068370385e-06,7.786766769897257e-06,0.0,-7.890539462242497e-11,1.0312560709658032,0.0,1.1171340788355873e-08
14.18,3.3844829322929274e-11,0.6850748804337953,0.0,-0.0001149183573185975,0.3057500853759388,-9.024654306501781e-08,6.247198516421176e-06,0.0,-8.403960060821178e-11,1.048014443620427,0.0,6.4940891582334196e-09
14.19,1.5103387385459925e-10,0.6912172446027043,0.0,-8.793562824721612e-05,0.30651114741015334,9.332557677874917e-07,4.485729097290674e-06,0.0,-8.122131170350835e-11,1.0640527636979726,0.0,-1.586896234868049e-10
14.2,2.828896412353608e-10,0.6969631590271818,0.0,-4.4015837165550015e-05,0.3066505397748781,1.5898983633491037e-06,2.7032932239390136e-06,0.0,-6.86302888512037e-11,1.0792452525670235,0.0,-8.578334479936663e-09
14.21,4.187082232775382e-10,0.7022784045799584,0.0,1.6486216348466775e-05,0.3061525657546432,1.903923426970199e-06,1.0602092345202765e-06,0.0,-4.504296907846979e-11,1.0934977388359841,0.0,-1.8304066031700738e-08
14.22,5.444746547727387e-10,0.7071489042163545,0.0,9.127365221274394e-05,0.305030562949888,1.9327127241273312e-06,-3.292364967330818e-07,0.0,-1.0128347152350232e-11,1.1067660457151283,0.0,-2.8606514079266617e-08
14.23,6.435306580691687e-10,0.7115873348876014,0.0,0.0001758406048457668,0.3033303113473584,1.7555981301637276e-06,-1.3970309039695223e-06,0.0,3.5275865595473737e-11,1.1190747057167212,0.0,-3.8496644289195553e-08
14.24,6.977149454239386e-10,0.7156384843101742,0.0,0.0002633791426985085,0.30113094870727874,1.4623310527616897e-06,-2.117577767090946e-06,0.0,8.894275337265186e-11,1.1305333406959066,0.0,-4.6765905946746734e-08
14.25,6.889762430091074e-10,0.7193826193756027,0.0,0.00034491722640036236,0.29854302555194395,1.142075083895318e-06,-2.5009513420156343e-06,0.0,1.471307891313447e-10,1.1413475122342394,0.0,-5.206151823219687e-08
14.26,6.01406765152981e-10,0.7229360782893054,0.0,0.0004097347611800998,0.29570348141655833,8.736107576939877e-07,-2.584465620620071e-06,0.0,2.0459293463538676e-10,1.151820885953117,0.0,-5.2997962354541095e-08
14.27,4.235831702382396e-10,0.7264482625909897,0.0,0.00044608675226934637,0.2927674927998796,7.172751030515266e-07,-2.423656987753305e-06,0.0,2.547553160666175e-10,1.1623461449358425,0.0,-4.830201377038625e-08
14.28,1.510375928684147e-10,0.7300942507548979,0.0,0.0004422365441973503,0.2898974431710154,7.090135527103361e-07,-2.083596518615897e-06,0.0,2.900911249070278e-10,1.173383128812905,0.0,-3.6984210215491425e-08
14.29,-2.1138067917678632e-10,0.734062434559166,0.0,0.0003877688902533623,0.28724967376316013,8.568014275628288e-07,-1.6312243246057443e-06,0.0,3.0270060093236297e-10,1.1854240228764252,0.0,-1.8524810913482918e-08
14.3,-6.475443975845848e-10,0.7385369466560232,0.0,0.0002751139443313848,0.28496001961236256,1.1395931957650125e-06,-1.1291607498770318e-06,0.0,2.850879880627245e-10,1.1989468231311697,0.0,6.942510337749331e-09
14.31,-1.1288136207996801e-09,0.7436752228149618,0.0,0.00010117206839729685,0.28312927971211116,1.5088710269622754e-06,-6.31221609138519e-07,0.0,2.3110204346327859e-10,1.2143595528956903,0.0,3.847023875829131e-08
14.32,-1.613858885879071e-09,0.7495817600949213,0.0,-0.00013111046120486405,0.2818097923343129,1.8927775511420293e-06,-1.796649674865737e-07,0.0,1.3697955922309192e-10,1.2319388719388435,0.0,7.41839094644773e-08
14.33,-2.0498456785501084e-09,0.7562798883185031,0.0,-0.0004113983470509035,0.28099433143770947,2.2027182132951e-06,1.959630444258183e-07,0.0,2.4036810896785117e-12,1.2517679251048754,0.0,1.1124156442902661e-07
14.34,-2.3752138500500354e-09,0.7636841047728368,0.0,-0.0007210621675172372,0.2806085465222122,2.342195190333651e-06,4.786303465072819e-07,0.0,-1.6853649611458627e-10,1.273679334835376,0.0,1.4588974090021142e-07
14.35,-2.5241712379332646e-09,0.7715761815584412,0.0,-0.0010329213014768418,0.28050797315228837,2.217481010862763e-06,6.625841421077535e-07,0.0,-3.6661806669146905e-10,1.2972098048651601,0.0,1.7363566846584456e-07
14.36,-2.4328624339445953e-09,0.7795887194107038,0.0,-0.001311827058005758,0.28048027672490555,1.7495559213270435e-06,7.514198953045867e-07,0.0,-5.771311477524049e-10,1.3215727944646998,0.0,1.895477290641016e-07
14.37,-2.0469771990934537e-09,0.787199905504076,0.0,-0.0015162338236349147,0.28025308963124806,8.865269046361764e-07,7.557838137745532e-07,0.0,-7.800401202273337e-10,1.345655353429373,0.0,1.886852284539588e-07
14.38,-1.3303400350131243e-09,0.7937427984159628,0.0,-0.0016008330145859378,0.27950768780281987,-3.8446496685728533e-07,6.909997304945982e-07,0.0,-9.507793571105392e-10,1.368044539201486,0.0,1.6664445337181212e-07
14.39,-2.737905159053975e-10,0.7984315161587545,0.0,-0.0015202234840251561,0.27789861059437243,-2.0270331982606525e-06,5.748534818758505e-07,0.0,-1.0617652903516457e-09,1.3870874455098945,0.0,1.201915852100181e-07
14.4,1.0965534791450115e-09,0.8004053316881748,0.0,-0.0012334667341136946,0.27507882051974486,-3.948353696776419e-06,4.2570008784383344e-07,0.0,-1.0846490984703614e-09,1.4009862043177972,0.0,4.793550484418391e-08
14.41,2.712732502766644e-09,0.7987899147963873,0.0,-0.0007092337148864338,0.2707291322394636,-5.996365260367566e-06,2.6098933458154283e-07,0.0,-9.932585900737767e-10,1.4079254282196674,0.0,-4.902350286286879e-08
14.42,4.4612668511681925e-09,0.7927727871023794,0.0,6.88957208519322e-05,0.2645897654997443,-7.962661709188299e-06,9.624049175472466e-08,0.0,-7.670875535339397e-10,1.4062251061629365,0.0,-1.6654762535834574e-07
14.43,6.183544574539967e-09,0.7816875882487996,0.0,0.0010975532209639184,0.25649124852820293,-9.5921431005682e-06,-5.5558003209125365e-08,0.0,-3.950920497088836e-10,1.3945075655542263,0.0,-2.9710612286060004e-07
14.44,7.681323926536144e-09,0.7650992847442764,0.0,0.0023497962448575296,0.24638150019884852,-1.0600082451283687e-05,-1.841895696024515e-07,0.0,1.2054546654605325e-10,1.371863076448414,0.0,-4.297012658658493e-07
14.45,8.728111249962347e-09,0.7428803930972963,0.0,0.003773137237050247,0.23434569210492792,-1.069666650885488e-05,-2.821832530408949e-07,0.0,7.611106998727979e-10,1.337995362056914,0.0,-5.501592950936067e-07
14.46,9.086727156627995e-09,0.7152670796495627,0.0,0.005290077121109932,0.22061550131903404,-9.618297106266801e-06,-3.4462324231807144e-07,0.0,1.489000728477493e-09,1.2933263685918472,0.0,-6.418520132494037e-07
14.47,8.53277078326567e-09,0.6828841185443008,0.0,0.006801699593698005,0.20556476405627244,-7.164030371427077e-06,-3.688937485901225e-07,0.0,2.2468319780850338e-09,1.239040046281576,0.0,-6.868844097667213e-07
14.48,6.882959284128098e-09,0.6467296460705134,0.0,0.00819462806892456,0.18968950098612006,-3.234547818353276e-06,-3.544431986141798e-07,0.0,2.958504878531455e-09,1.1770486120411012,0.0,-6.677414785990662e-07
14.49,4.026504138322665e-09,0.6081149614413909,0.0,0.009351255917590298,0.17357196891694185,2.1299143346047657e-06,-3.0262660361191313e-07,0.0,3.532631853397518e-09,1.1098728319467204,0.0,-5.693345769679361e-07
14.5,-4.3144404658179666e-11,0.568561626735501,0.0,0.0101626254212106,0.15783089778013498,8.717090721705413e-06,-2.166538189633704e-07,0.0,3.868582003682165e-09,1.0404409718649077,0.0,-3.8132731718072416e-07
14.51,-5.199610109078042e-09,0.5296671546685522,0.0,0.010542653500950266,0.1430632005485961,1.6120662350503903e-05,-1.0163786483043114e-07,0.0,3.86517331319699e-09,0.9718280620900785,0.0,-1.0055776117254825e-07
14.52,-1.1161965526526688e-08,0.4929588739315954,0.0,0.010441636467228966,0.129785361785571,2.373386608362035e-05,3.5294737704888906e-08,0.0,3.4317575573191168e-09,0.9069728945992969,0.0,2.6668615199714055e-07
14.53,-1.7484463732614283e-08,0.45975901222003285,0.0,0.009856382690337265,0.11838399689365475,3.076358947728769e-05,1.8489694990125353e-07,0.0,2.5011091202002423e-09,0.848416961323908,0.0,7.028299213480601e-07
14.54,-2.35618132517713e-08,0.4310805796970247,0.0,0.008834491027018302,0.1090835940694874,3.626884338549374e-05,3.3578194888247046e-07,0.0,1.0431707311971177e-09,0.7981032118516185,0.0,1.1779361278961152e-06
14.55,-2.8653579742280993e-08,0.40756540168125027,0.0,0.0074715847414868084,0.10193547102555107,3.922585615034311e-05,4.7458420425517424e-07,0.0,-9.216400118119436e-10,0.7572567571566259,0.0,1.6497118452892778e-06
14.56,-3.193013587974957e-08,0.38946673397161613,0.0,0.005902191384995428,0.09682727549973792,3.8619691733122175e-05,5.863887083666226e-07,0.0,-3.311158368436362e-09,0.7263522617715772,0.0,2.064889697554935e-06
14.57,-3.2540838206393165e-08,0.3766719810062243,0.0,0.004286316017523024,0.09350890291126054,3.3559332942095126e-05,6.554973699101309e-07,0.0,-5.974031473388184e-09,0.705159239565458,0.0,2.3621977045941552e-06
14.58,-2.9702824250505605e-08,0.36875673733713465,0.0,0.0027940494850655717,0.09162923142719956,2.3409751931271844e-05,6.665688216649216e-07,0.0,-8.687962379491856e-09,0.6928482042659357,0.0,2.477014385075522e-06
14.59,-2.2806103092444023e-08,0.3650593722838954,0.0,0.0015901465169215903,0.09077806868818443,7.930869946466463e-06,6.061225455400132e-07,0.0,-1.1165358965310286e-08,0.68813689780831,0.0,2.34764437471798e-06
14.6,-1.1527643145092247e-08,0.3647651945243591,0.0,0.0008199557044389408,0.09052839288744609,-1.2590165079876672e-05,4.643430842104465e-07,0.0,-1.3067746809149091e-08,0.6894554942570954,0.0,1.922952551774178e-06
14.61,4.055794987454738e-09,0.3669903703783738,0.0,0.0005976365515461196,0.09047491320437004,-3.722985567337765e-05,2.3705946720541592e-07,0.0,-1.40296967518205e-08,0.6951117287259748,0.0,1.1708735693438484e-06
14.62,2.3368943336938275e-08,0.3708577480169472,0.0,0.0009972870245242966,0.09026598555631193,-6.436071213065444e-05,-7.228548569512873e-08,0.0,-1.3692162963270938e-08,0.7034404455438238,0.0,8.708692951811839e-08
14.63,4.5268174765696133e-08,0.3755591293854253,0.0,0.002047401022788711,0.08962690875418039,-9.164373220789322e-05,-4.509147370467309e-07,0.0,-1.1744054674170706e-08,0.7129263665186236,0.0,-1.297061050188426e-06
14.64,6.801601119260126e-08,0.3804009611753231,0.0,0.0037289380279599857,0.08837356587199056,-0.00011609797788282269,-8.755229270688076e-07,0.0,-7.969635007191175e-09,0.7222934043014986,0.0,-2.9084698314578485e-06
14.65,8.931472056753616e-08,0.38483259424280547,0.0,0.005977165259172154,0.08641627560347434,-0.00013426022364614265,-1.3119021032557838e-06,0.0,-2.2980479304851415e-09,0.7305581947554847,0.0,-4.629199680696863e-06
14.66,1.0641112226787865e-07,0.3884580126683863,0.0,0.008687267401560346,0.08375456448268004,-0.00014244113448293636,-1.71566683893054e-06,0.0,5.149954079137202e-09,0.7370493472440343,0.0,-6.297536942507259e-06
14.67,1.1628006625227338e-07,0.3910332070441026,0.0,0.01172344911661646,0.08046431122574758,-0.0001370754456240463,-2.0343083292664713e-06,0.0,1.4024019998114197e-08,0.7413968904209057,0.0,-7.714204525118081e-06
14.68,1.1588731976464906e-07,0.39245217689715955,0.0,0.014930821566385678,0.07667932652568443,-0.00011515249233492624,-2.210717480502161e-06,0.0,2.3721509016022003e-08,0.7434983535045223,0.0,-8.654408258405254e-06
14.69,1.0252397676714338e-07,0.3927249224976668,0.0,0.01814875469431428,0.07256994025770487,-7.470083374906485e-05,-2.18818761710028e-06,0.0,3.3386720779574366e-08,0.7434689173299819,0.0,-8.885947192697665e-06
14.7,7.419445021941801e-08,0.3919507782464323,0.0,0.021223800951174387,0.06832147898078582,-1.5287626370959106e-05,-1.9167422973161633e-06,0.0,4.193801260141665e-08,0.7415832192213061,0.0,-8.193003925662744e-06
14.71,3.002934677801088e-08,0.3902901525660439,0.0,0.024020269947622783,0.06411529101913994,6.151885451235344e-05,-1.360441890750699e-06,0.0,4.8127273367244875e-08,0.7382157463575125,0.0,-6.404497548920008e-06
14.72,-2.9315937186118234e-08,0.3879372877234958,0.0,0.026427377375369106,0.060114006984100535,0.00015178500097096914,-5.051183611139024e-07,0.0,5.0633830713423056e-08,0.733785395200575,0.0,-3.4250756377672654e-06
14.73,-1.013249784331306e-07,0.3850960894415914,0.0,0.028363055847933836,0.05645147265296641,0.000249013147722885,6.342094367245692e-07,0.0,4.819160243434415e-08,0.728708076114883,0.0,7.339871203526493e-07
14.74,-1.8140050257008898e-07,0.38196041586220547,0.0,0.02977508428703615,0.05322701399552791,0.0003441753935842413,2.0071538979851124e-06,0.0,3.974429352801478e-08,0.723359672229107,0.0,5.927438459391074e-06
14.75,-2.628166020216622e-07,0.37869953236965054,0.0,0.030640145708996893,0.05050345914803493,0.00042603952098456725,3.5240329054485746e-06,0.0,2.4618932373253795e-08,0.7180503590749706,0.0,1.1856233599963262e-05
14.76,-3.368944478767567e-07,0.3754488479010671,0.0,0.030961468820885404,0.04830812768633336,0.00048183056648004965,5.055246567273949e-06,0.0,2.703400022484718e-09,0.713010116645314,0.0,1.8059475897365485e-05
14.77,-3.9344193694877165e-07,0.3723055907020153,0.0,0.03076589517897437,0.046635735973136035,0.0004982466420730707,6.434916354499392e-06,0.0,-2.5390684751453644e-08,0.7083842667394613,0.0,2.3922159622693812e-05
14.78,-4.2147926219552767e-07,0.36932872488678636,0.0,0.030100920949751274,0.045452296176751,0.0004628141201693615,7.469529956956025e-06,0.0,-5.820173540486474e-08,0.7042372862242258,0.0,2.8702092026711363e-05
14.79,-4.102465507058486e-07,0.36654216054965477,0.0,0.029031536953483175,0.04469959461384888,0.0003655267654438642,7.951977814312832e-06,0.0,-9.335246802946021e-08,0.7005629654524309,0.0,3.1578147799903706e-05
14.8,-3.504573654095725e-07,0.3639402205239054,0.0,0.027636292300575068,0.044300192865567176,0.00020066850872998808,7.680871172137595e-06,0.0,-1.2756819730415984e-07,0.6972989236163041,0.0,3.1720217449557514e-05
14.81,-2.3572486102024014e-07,0.3614943893750446,0.0,0.026002204198969522,0.04416289227504362,-3.132579146183201e-05,6.484414623887412e-06,0.0,-1.5679966513377366e-07,0.6943434505788555,0.0,2.837889858476226e-05
14.82,-6.404858034420688e-08,0.3591605141683655,0.0,0.024218617985428376,0.0441884452501204,-0.00032215806562169657,4.247404591005621e-06,0.0,-1.7646480505562708e-07,0.691572719936639,0.0,2.09902625910512e-05
14.83,1.607869006211981e-07,0.35688579888211686,0.0,0.022370727765651712,0.044275093406106115,-0.0006543201327392288,9.39194293108586e-07,0.0,-1.8181450517257713e-07,0.688856641671013,0.0,9.288101874925013e-06
14.84,4.2808039493413054e-07,0.35461510800461565,0.0,0.020533971605277854,0.044323358530121156,-0.0010003429210007667,-3.3602212525209312e-06,0.0,-1.6841502463548514e-07,0.6860719802522934,0.0,-6.5868068080652295e-06
14.85,7.195468529767897e-07,0.3522962362169955,0.0,0.018770336097761763,0.044239701270975616,-0.0013228637538779124,-8.439401748462953e-06,0.0,-1.3272479821928815e-07,0.6831119218413512,0.0,-2.599336539279578e-05
14.86,1.009313059360201e-06,0.3498839025680328,0.0,0.0171266545054523,0.043939236889331774,-0.0015756971699459204,-1.3943667365198003e-05,0.0,-7.272691271540305e-08,0.679891983614688,0.0,-4.772739237339849e-05
14.87,1.2647545808080806e-06,0.3473423391471656,0.0,0.01563416224325787,0.04334815666694237,-0.0017060273762872303,-1.937604110041445e-05,0.0,1.1438026498251929e-08,0.6763527115394742,0.0,-7.000462136972591e-05
14.88,1.4483067023686687e-06,0.3446465111913033,0.0,0.01430874880578263,0.04240636509730078,-0.0016577417343250594,-2.4114240795262334e-05,0.0,1.1690879196973316e-07,0.6724597407631531,0.0,-9.05036415963092e-05
14.89,1.5203095665752013e-06,0.3417821888679987,0.0,0.01315220790502731,0.04107026522110795,-0.0013757978783680298,-2.7446140505104426e-05,0.0,2.3769141962353202e-07,0.6682016153086171,0.0,-0.00010648011202732654
14.9,1.4428490699307528e-06,0.3387451982255468,0.0,0.012155258281472632,0.03931518978843233,-0.0008113698653275191,-2.8624719288432095e-05,0.0,3.6448433433431373e-07,0.6635856569156804,0.0,-0.00011495870748643935
14.91,1.1844342152088071e-06,0.33554016636351086,0.0,0.011302617140122647,0.03713700629902616,7.263613612142757e-05,-2.694162485598147e-05,0.0,4.848237649243063e-07,0.658632338258711,0.0,-0.00011300235387957607
14.92,7.252160297868308e-07,0.3321789796954439,0.0,0.010579296616160605,0.034552772005990946,0.0012962507168044254,-2.1816178665303146e-05,0.0,5.836192174510162e-07,0.6533689460087798,0.0,-9.804960156559804e-05
14.93,6.231394018826664e-08,0.328679061506552,0.0,0.009976290930670035,0.031600653650598574,0.002857960040435269,-1.2894083365197304e-05,0.0,6.441241876210787e-07,0.6478235814869564,0.0,-6.830094944072257e-05
14.94,-7.853128774999103e-07,0.32506150800522965,0.0,0.009493649053894639,0.028339366309309836,0.004731790480561898,-1.4747679609003634e-07,0.0,6.493510941339444e-07,0.642020521741806,0.0,-2.3124321405943043e-05
14.95,-1.7731120115182584e-06,0.3213491328899747,0.0,0.009139916663661204,0.024847020985204294,0.006866633979448846,1.603441415070728e-05,0.0,5.838925089340204e-07,0.6359775583100926,0.0,3.6560270515964435e-05
14.96,-2.8290187274246958e-06,0.3175645304640794,0.0,0.008928531316946233,0.021218765422650172,0.009188324257730484,3.4776605630084894e-05,0.0,4.360554830891316e-07,0.6297053210145995,0.0,0.00010796532641640271
14.97,-3.854076366661508e-06,0.31372831045852995,0.0,0.008872878996993593,0.017562440044471814,0.011604653568093738,5.468519587573445e-05,0.0,2.00156009439149e-07,0.6232081182814981,0.0,0.00018624359076767816
14.98,-4.726208523992954e-06,0.3098576511681224,0.0,0.00898181857263064,0.013991893482263245,0.014013026297702803,7.38629170807604e-05,0.0,-1.2123814251377808e-07,0.6164856572395252,0.0,0.0002644737291147332
14.99,-5.307569641949799e-06,0.3059652782101629,0.0,0.009256846570328619,0.010618423628507553,0.01630983837102921,8.998474037911271e-05,0.0,-5.153790541602758e-07,0.6095350695504501,0.0,0.0003338739442018447
15.0,-5.455617846320649e-06,0.3020589220296979,0.0,0.009691192244043124,0.007541604017696128,0.018400169895600383,0.00010044124913840192,0.0,-9.580231727098134e-07,0.6023528459093678,0.0,0.00038428196195024124
15.01,-5.037679210650818e-06,0.2981412341781191,0.0,0.010270251574450646,0.004841112648384649,0.020206292109394206,0.00010255204187347396,0.0,-1.4130391455774146e-06,0.5949365365014967,0.0,0.0004049210107848161
15.02,-3.948323142289609e-06,0.29421006082471995,0.0,0.01097211831946255,0.0025709457541774447,0.021673908993695184,9.38442582468212e-05,0.0,-1.8332301718644174e-06,0.5872863400928079,0.0,0.00038544555204652166
15.03,-2.1283740515095295e-06,0.2902589344343776,0.0,0.011766983956470809,0.0007567664206659141,0.02277566313304788,7.238277584813948e-05,0.0,-2.1626053480488007e-06,0.5794067927232014,0.0,0.0003172286190139228
15.04,4.161122775023495e-07,0.2862776965240652,0.0,0.012615117515665807,-0.0006035496118861514,0.023511819973859496,3.712928084896291e-05,0.0,-2.3402365206446856e-06,0.571308533255463,0.0,0.0001948166646298164
15.05,3.597023592208251e-06,0.28225327047480747,0.0,0.013464503007183761,-0.0015366293503200437,0.023908148631577832,-1.1701904671156935e-05,0.0,-2.305697763492161e-06,0.5630097164742023,0.0,1.7440768604421288e-05
15.06,7.231962002679813e-06,0.2781706707194659,0.0,0.01425002678445096,-0.002088343367762486,0.024011108192700303,-7.233161072995094e-05,0.0,-2.005908134078646e-06,0.5545364138245464,0.0,-0.000209561200518919
15.07,1.1039200794087704e-05,0.2740143125366362,0.0,0.014895877345241842,-0.0023174580642961904,0.023880708121224215,-0.00014119358188887995,0.0,-1.4029944799965702e-06,0.5459214689077362,0.0,-0.0004735837158641445
15.08,1.464231411253893e-05,0.2697695976581113,0.0,0.015321818111295843,-0.00228906679439905,0.023581782058154508,-0.00021285101976239415,0.0,-4.825750437076097e-07,0.5372016638543781,0.0,-0.0007540406711852021
15.09,1.7586559447105636e-05,0.26542463830155727,0.0,0.015452700759194124,-0.002068549680290036,0.023174768564463932,-0.00028009839586573467,0.0,7.383428216376943e-07,0.5284135319962432,0.0,-0.0010222840747862176
15.1,1.9368345733820338e-05,0.26097188242718644,0.0,0.01522940112712085,-0.001716632680412951,0.022707328288436725,-0.000334286927681537,0.0,2.2048310265221816e-06,0.5195885804341323,0.0,-0.0012423133265403886
15.11,1.947802437319402e-05,0.25640935790972086,0.0,0.014618728411352762,-0.0012859076324313746,0.022208123807796614,-0.00036589757945546924,0.0,3.819966639076726e-06,0.5107489038374693,0.0,-0.0013723846709990488
15.12,1.7454824624085144e-05,0.2517412909941274,0.0,0.013620076763592894,-0.0008189625759719387,0.02168377207081292,-0.0003653643713881659,0.0,5.444326612778358e-06,0.5019040736183752,0.0,-0.0013675554891088987
15.13,1.2951089962248363e-05,0.246977953230292,0.0,0.012267430311977056,-0.00034807557673201234,0.021119445807351114,-0.00032412374069058374,0.0,6.9000644894309175e-06,0.4930498599515404,0.0,-0.0011830995550723752
15.14,5.801176081319048e-06,0.2421347084760466,0.0,0.01062635138408875,0.0001037403939584189,0.02048301591335472,-0.000235834098159772,0.0,7.980345216854836e-06,0.48416895326209713,0.0,-0.0007786126785145485
15.15,-3.911391516521274e-06,0.23723035248219299,0.0,0.00878661687179249,0.0005206802763630782,0.01973206146273139,-9.767584975773643e-05,0.0,8.464527455165403e-06,0.47523345679690376,0.0,-0.00012250268695249839
15.16,-1.579642735159794e-05,0.23228495005639446,0.0,0.006852094421429499,0.0008914984672212802,0.018822584926499585,8.839084508852975e-05,0.0,8.138948975466246e-06,0.46620856903941066,0.0,0.0008035628919629591
15.17,-2.9118244324276524e-05,0.22731744165524695,0.0,0.004929887848143364,0.0012067270731419947,0.017717999494032254,0.0003145615294089684,0.0,6.822509798310948e-06,0.45705670319159614,0.0,0.002000776056809591
15.18,-4.278478155573246e-05,0.22234329249382606,0.0,0.0031205347214279863,0.0014562116996127527,0.016396984359549675,0.0005664861029065539,0.0,4.39549882997118e-06,0.4477413717638983,0.0,0.0034504530009099206
15.19,-5.5373418862108355e-05,0.21737241806818877,0.0,0.0015103895608074972,0.0016273674237539779,0.014859056641202904,0.0008231059236933196,0.0,8.293324779669887e-07,0.4382303943508776,0.0,0.005113008452563898
15.2,-6.520046127493786e-05,0.2124075748791956,0.0,0.00016665939400634127,0.0017044728784575602,0.013127075161581656,0.0010571918257673146,0.0,-3.7858532647826063e-06,0.4284982244525468,0.0,0.006929095710292366
15.21,-7.043830244048889e-05,0.2074433675155465,0.0,-0.0008649522661894292,0.0016692047918019986,0.0112463317513269,0.00123671127085143,0.0,-9.219398288340318e-06,0.4185273730157148,0.0,0.008823140750319057
15.22,-6.92800572305712e-05,0.20246599127583095,0.0,-0.0015603728047072596,0.0015024757512369013,0.00928040215804654,0.0013270951778280647,0.0,-1.5088077003125707e-05,0.40830902505470595,0.0,0.010709135826755473
15.23,-6.014612543289961e-05,0.1974537978412984,0.0,-0.0019156183488727443,0.001187482609425155,0.007304486875418738,0.0012943939902337431,0.0,-2.085777877188668e-05,0.39784300798208144,0.0,0.012498093751443147
15.24,-4.1921002741287165e-05,0.1923787347530059,0.0,-0.0019441889026460962,0.0007137115675801629,0.005397437807117464,0.0011092109898112024,0.0,-2.5862407713156914e-05,0.38713728556810173,0.0,0.014106137463903675
15.25,-1.4202154018934173e-05,0.18720866289615792,0.0,-0.0016739532368072521,8.148998720777144e-05,0.003633843934654646,0.0007511844977280627,0.0,-2.9342526331541086e-05,0.3762071311650224,0.0,0.015462016165854164
15.26,2.2463468771554524e-05,0.1819104966171807,0.0,-0.001143951639917059,-0.0006934625474638983,0.0020773495459623847,0.00021366836944781666,0.0,-3.0504752771028093e-05,0.36507409056296275,0.0,0.016513002453978538
15.27,6.638488440576998e-05,0.17645403744083554,0.0,-0.00040138300666731037,-0.0015761360933315824,0.0007759240326437823,-0.0004918559192540953,0.0,-2.860088796408324e-05,0.353764791520531,0.0,0.017228529388699527
15.28,0.00011460745965080588,0.17081628630404622,0.0,0.0005011244897783618,-0.002509694187284577,-0.0002406881237214882,-0.001332197743582287,0.0,-2.302328280899549e-05,0.3423096061298108,0.0,0.017601368497583737
15.29,0.00016290172537479107,0.16498592554692776,0.0,0.0015080035730309603,-0.003415003225125095,-0.0009614894990611284,-0.0022503271474323848,0.0,-1.3410214008053361e-05,0.3307411350737425,0.0,0.01764649621826885
15.3,0.00020589118545274987,0.15896756847517493,0.0,0.0025631379468848583,-0.004192850540578036,-0.001393112104770353,-0.003165322241640091,0.0,2.47749859713947e-07,0.31909246908961175,0.0,0.017398020867769207
15.31,0.0002373425540460369,0.1527852917791883,0.0,0.003612315936741613,-0.004729310232397548,-0.0015575549250199945,-0.0039749577796657975,0.0,1.751194685517852e-05,0.3073951998785424,0.0,0.016904668256294074
15.32,0.00025063027356844085,0.14648490714183682,0.0,0.004605849975928198,-0.004904464969230657,-0.001489276467505884,-0.004561356458925587,0.0,3.742387786526114e-05,0.2956772049913892,0.0,0.016224383539668232
15.33,0.00023937122039956052,0.14013440654009257,0.0,0.005501306381304856,-0.004604359258521523,-0.0012320734447032985,-0.004799897472534978,0.0,5.847197985015028e-05,0.28396032075017,0.0,0.015418630604924221
15.34,0.00019820581628545965,0.13382204541525716,0.0,0.006266045717861523,-0.0037356592851458736,-0.000836062086614017,-0.004571267200454058,0.0,7.861100435580028e-05,0.272258137484121,0.0,0.014546979585326235
15.35,0.00012367953349847808,0.12765162832772559,0.0,0.006879035353669058,-0.0022420513659156937,-0.0003549439225313986,-0.003776156826852137,0.0,9.534606645792318e-05,0.26057426516475163,0.0,0.013662553016133845
15.36,1.515582258844651e-05,0.12173475805461703,0.0,0.007331365948653778,-0.00012096125116070822,0.0001563941986171246,-0.0023516842996468904,0.0,0.0001058895400764157,0.24890144648066082,0.0,0.012808786630319159
15.37,-0.00012432981600790877,0.11618011250806828,0.0,0.007625213722335506,0.002561234039005535,0.0006440070502663075,-0.00028817803747596677,0.0,0.00010739315667046824,0.23722178627506432,0.0,0.01201771308173548
15.38,-0.00028738171349252414,0.1110801958008378,0.0,0.007771451300674708,0.0056576475485380215,0.0010568823099321634,0.002355447591491455,0.0,9.725005070449272e-05,0.22550818610297532,0.0,0.01130968634693575
15.39,-0.0004618381946190466,0.10649641744590489,0.0,0.007786383579550546,0.008935288872724408,0.0013489664426776075,0.005439816021395051,0.0,7.345245891388144e-05,0.21372694072641046,0.0,0.010694276527566828
15.4,-0.0006307629088380658,0.1024437534135457,0.0,0.0076881355719453925,0.01207770618453875,0.0014813818870380367,0.008738978682453406,0.0,3.498095252870594e-05,0.20184138083428518,0.0,0.01017198960877586
15.41,-0.000772933404912524,0.09887661792930925,0.0,0.007493284137151263,0.014697835764174503,0.0014249343435001139,0.011942312274120967,0.0,-1.7808647858861518e-05,0.18981634649640283,0.0,0.009736400436860127
15.42,-0.0008638969115153754,0.09567788170123193,0.0,0.007214442466352799,0.016362442175763565,0.0011629137927650294,0.014666383525811254,0.0,-8.284303733267437e-05,0.17762313781568262,0.0,0.009376221394030848
15.43,-0.0008776171866428538,0.09265313493456957,0.0,0.0068594294166092595,0.01662864272111425,0.0006940719334738985,0.016478171761193625,0.0,-0.00015608224494348324,0.16524450842776725,0.0,0.009076881773435578
15.44,-0.0007886751850811999,0.08953224667200517,0.0,0.006432245146757359,0.01509184002408663,3.552722151657483e-05,0.016930166060549708,0.0,-0.00023141403804364505,0.15267930379507913,0.0,0.00882142557685771
15.45,-0.000574913183315135,0.08597998547336022,0.0,0.005935490116541818,0.011442993737755728,-0.0007747755096238945,0.015606693534695383,0.0,-0.0003007394725819939,0.13994645262372518,0.0,0.008590861902279763
15.46,-0.00022033222631610643,0.08161693495419124,0.0,0.005373392877232086,0.00553164384110964,-0.001676521489348242,0.012179441352716048,0.0,-0.0003542879966755625,0.1270881052625952,0.0,0.008364366786387523
15.47,0.00028202592762987264,0.07605116700457727,0.0,0.004754450410885132,-0.0025704086576369845,-0.0025869210705164007,0.006468601239686728,0.0,-0.00038118455354079676,0.11417172097968652,0.0,0.00811982221399262
15.48,0.0009275487216513396,0.0689201416308644,0.0,0.004092863738418532,-0.012511179681109444,-0.003402555027565641,-0.0014954745358079044,0.0,-0.0003702683406395773,0.1012908415481502,0.0,0.007835056993813047
15.49,0.001698255280858556,0.05994112164678076,0.0,0.0034083814327562755,-0.0236136938808554,-0.004003594736918543,-0.0114165911997797,0.0,-0.0003111340336090812,0.08856419944032681,0.0,0.0074898651799135876
15.5,0.0025621199556877614,0.04896708817061575,0.0,0.0027246875721619315,-0.03485199471151366,-0.0042606518154621005,-0.02269050021671817,0.0,-0.0001953330782041035,0.07613276296166335,0.0,0.007068518863142187
15.51,0.0034738628214828673,0.03604381515044844,0.0,0.0020668800952176503,-0.04485524245766454,-0.004044259752527829,-0.03438409278200436,0.0,-1.7637813706491002e-05,0.06415439659950535,0.0,0.0065622197207660295
15.52,0.004377446829434804,0.021462541194176052,0.0,0.001458721837224763,-0.05194579685759593,-0.003236667231302455,-0.04524359367505639,0.0,0.00022276153205450845,0.052796062632454066,0.0,0.005970877873431747
15.53,0.005210340188751843,0.005801740580734411,0.0,0.0009202298368955314,-0.05421478621040748,-0.0017452518230218323,-0.053738068880541535,0.0,0.0005212828551168541,0.042223877703997985,0.0,0.00530376574819704
15.54,0.0059093414052154725,-0.010048956160607574,0.0,0.00046594625346114326,-0.04963526829041713,0.00048352165399893606,-0.05814222950817906,0.0,0.0008673707684572628,0.032591763663815415,0.0,0.004578867079680524
15.55,0.00641743762793724,-0.024889416957939236,0.0,0.00010402601060794724,-0.03620884493081342,0.003451024838380365,-0.05665912362709542,0.0,0.0012444729827460997,0.024029788615045976,0.0,0.0038210262543796726
15.56,0.006690818981905143,-0.0372399154234342,0.0,-0.00016387845695408138,-0.0121368190967054,0.007095958600970519,-0.047578967861321,0.0,0.0016307114302021386,0.016633512261119872,0.0,0.003059230182813324
15.57,0.006704874629876835,-0.04540602177280131,0.0,-0.0003420565677649675,0.023997819829407484,0.011288206043795513,-0.02946533994254234,0.0,0.002000327642229552,0.010455687007232093,0.0,0.0023234792749561414
15.58,0.006457885715937546,-0.04757838047462104,0.0,-0.0004396806390992211,0.07305543949361175,0.01582871532163036,-0.0013546488867858177,0.0,0.002325891013398522,0.0055014796484078405,0.0,0.0016417226224578645
15.59,0.005971426807849081,-0.041964688231489834,0.0,-0.0004694460382033306,0.13519229968533386,0.020456665932271478,0.037050218723645695,0.0,0.002581131639736351,0.001727941412530174,0.0,0.0010372692575322503
15.6,0.005287282186683746,-0.026947053825307113,0.0,-0.0004461001627789509,0.20976114320352834,0.024864399843246208,0.08521525748161035,0.0,0.0027440958472089673,-0.000952176933897916,0.0,0.0005269637154246176
15.61,0.004461647933082732,-0.0012535549922951623,0.0,-0.0003850233306044719,0.29527733488082736,0.028719464129895098,0.14166532761582062,0.0,0.002800134985247968,-0.0026628317320123098,0.0,0.00012025616521863572
15.62,0.0035579802145540625,0.03587135970126266,0.0,-0.0003009868856113698,0.3894620101599017,0.031691841438636764,0.203954399512217,0.0,0.002744095847208948,-0.003554391112563147,0.0,-0.00018085390698576123
15.63,0.0026398524052621076,0.08451631735310428,0.0,-0.00020717159573228143,0.4893657865124162,0.03348358901679512,0.2687383703937764,0.0,0.0025811316397363134,-0.0037919646533561726,0.0,-0.00038113305908048375
15.64,0.0017648253200024501,0.14399268074642368,0.0,-0.00011448804004948198,0.5915678886313617,0.03385803235070684,0.3319652466288727,0.0,0.002325891013398467,-0.003543682417626798,0.0,-0.0004908845406707939
15.65,0.0009799104528886724,0.2127837803533439,0.0,-3.120403635357373e-05,0.6924365497395183,0.03266590037209273,0.3891852384563918,0.0,0.002000327642229481,-0.0029700603060576953,0.0,-0.0005243931126578767
15.66,0.0003188470979298081,0.28856830154301144,0.0,3.714527724845243e-05,0.7884277694273027,0.029865696368728406,0.43596603693865715,0.0,0.001630711430202055,-0.0022152944987345546,0.0,-0.000498254602910269
15.67,-0.00019885737180356958,0.3683230972618246,0.0,8.761011154887295e-05,0.8763921302879253,0.02553568366369236,0.46837618104665746,0.0,0.0012444729827460097,-0.0014009928768107098,0.0,-0.00042977115088493954
15.68,-0.0005673623445440464,0.448497761577664,0.0,0.00011949930813431509,0.953855001033512,0.019876216848509806,0.4834742426448426,0.0,0.0008673707684571731,-0.0006225256523610021,0.0,-0.0003355509706137621
15.69,-0.0007927535726558472,0.525240487313989,0.0,0.0001339366760776475,1.0192355333592924,0.013203398918609301,0.47972160972768996,0.0,0.0005212828551167704,5.2104455270848284e-05,0.0,-0.0002304043187142119
15.7,-0.0008905235258521194,0.5946469974055969,0.0,0.0001333607878159443,1.0719756619626006,0.005936455404987744,0.4572346843390932,0.0,0.000222761532054435,0.0005811897214148341,0.0,-0.0001265811597829536
15.71,-0.0008826630000939434,0.653005215510377,0.0,0.00012102157144800834,1.1125619434901308,-0.001419097750953317,0.4178172666206587,0.0,-1.7637813706551504e-05,0.000946504456027785,0.0,-3.3355127875644754e-05
15.72,-0.0007947111232203249,0.6970186848919384,0.0,0.00010051664144406386,1.1424379141440182,-0.008291719425754785,0.36476197289751566,0.0,-0.00019533307820414987,0.0011492860893223796,0.0,4.307443157838256e-05
15.73,-0.0006530432223886412,0.7240070268160198,0.0,7.539822255095641e-05,1.163818520996006,-0.014067973471778654,0.3024631521620433,0.0,-0.00031113403360911367,0.0012055533983919412,0.0,9.941393583978047e-05
15.74,-0.00048259631181406964,0.732091361484296,0.0,4.8869180812041726e-05,1.1794283572780868,-0.018121550954223388,0.2359205732028073,0.0,-0.00037026834063959714,0.0011412619176815076,0.0,0.00013490594286773666
15.75,-0.0003051505623398628,0.720368238622347,0.0,2.3575235781167096e-05,1.1921915781292627,-0.019848118272752235,0.17022083527174897,0.0,-0.00038118455354080603,0.000987716538502949,0.0,0.00015082879627176308
15.76,-0.0001382100455852,0.6890587399682907,0.0,1.4907182976313554e-06,1.2049042759795567,-0.018706195981701992,0.11006731653020246,0.0,-0.0003542879966755635,0.0007775592652986236,0.0,0.00014993347452876003
15.77,5.5371244697580475e-06,0.6395988933931056,0.0,-1.6112241872044082e-05,1.2199205653316365,-0.014263020718679246,0.05940417798218785,0.0,-0.00030073947258198885,0.0005415398957323481,0.0,0.0001358775399534854
15.78,0.00011824718540858331,0.574625486306117,0.0,-2.8626268651392887e-05,1.2388822306142602,-0.006242739025384456,0.021156508376225257,0.0,-0.0002314140380436361,0.00030617068636057187,0.0,0.00011270433443423205
15.79,0.00019653740918760542,0.49781995873648915,0.0,-3.602089174528818e-05,1.2625188290821678,0.005427443648954229,-0.0029090950723105165,0.0,-0.00015608224494347226,9.227173927234179e-05,0.0,8.440194858424366e-05
15.8,0.00024080700825703354,0.4136057866429531,0.0,-3.872273792002309e-05,1.2905406617149773,0.020579103131958067,-0.012211297721696024,0.0,-8.284303733266314e-05,-8.566220434769916e-05,0.0,5.456261015050877e-05
15.81,0.00025438061681823886,0.3267386282681298,0.0,-3.7481061946433025e-05,1.3216408647555704,0.03877946124676962,-0.007283175430944277,0.0,-1.7808647858851594e-05,-0.00021939763224930136,0.0,2.6150288395993832e-05
15.82,0.00024258405821528446,0.24186020278036477,0.0,-3.323351733795954e-05,1.3536147219430177,0.05933058234100666,0.010377697421133354,0.0,3.498095252871344e-05,-0.0003063578384990278,0.0,1.3734198767383152e-06
15.83,0.00021184552319179526,0.1630910874723521,0.0,-2.698387879512442e-05,1.3835937779376235,0.08129731564966945,0.03851849672919635,0.0,7.345245891388584e-05,-0.00034864802363878647,0.0,-1.8348716360523727e-05
15.84,0.0001688939070573978,0.09371830431951117,0.0,-1.969989521351743e-05,1.4083791010713622,0.10356801209560916,0.07437984277895343,0.0,9.725005070449386e-05,-0.00035187531487109044,0.0,-3.234309407184833e-05
15.85,0.0001201027948666846,0.036005847407750605,0.0,-1.2235954475687833e-05,1.4248420979873746,0.12494788327829497,0.1149636138256622,0.0,0.00010739315667046636,-0.00032391142687059803,0.0,-4.058361558867535e-05
15.86,7.100589917112215e-05,-0.008868171690624444,0.0,-5.282076308237781e-06,1.4303441931209948,0.14427871863096287,0.15729826715728998,0.0,0.0001058895400764113,-0.00027371902189949406,0.0,-4.355610171264502e-05
15.87,2.598952916551176e-05,-0.040761531700674314,0.0,6.618770605667984e-07,1.4231133400085147,0.16057074758991935,0.19867879677332606,0.0,9.534606645791692e-05,-0.00021033135656332988,0.0,-4.210702553171905e-05
15.88,-1.1848829127134407e-05,-0.060429476110764435,0.0,5.289855493358802e-06,1.4025130875261957,0.17312474601078462,0.2368595133478336,0.0,7.861100435579285e-05,-0.00014204225006780218,0.0,-3.729270505828116e-05
15.89,-4.069884409559958e-05,-0.06932718071516293,0.0,8.475508902613508e-06,1.3691538000756986,0.1816195510073292,0.2701831289952558,0.0,5.847197985014235e-05,-7.583282107896757e-05,0.0,-3.0242075684809222e-05
15.9,-5.992316762360345e-05,-0.0693828237959768,0.0,1.0245307301600127e-05,1.3248244261738606,0.18614526658873926,0.2976385940666726,0.0,3.742387786525329e-05,-1.7035055753863042e-05,0.0,-2.204218804259883e-05
15.91,-6.986466264360331e-05,-0.06276804917546369,0.0,1.074395123286729e-05,1.2722600218038453,0.1871734487912097,0.3188498895313011,0.0,1.751194685517125e-05,3.078850797909519e-05,0.0,-1.3651646414546795e-05
15.92,-7.160859570639159e-05,-0.05168756009454073,0.0,1.0196735047443804e-05,1.214794151212348,0.1854682926887755,0.3340060364660186,0.0,2.477498597076179e-07,6.578424415032808e-05,0.0,-5.843650352138605e-06
15.93,-6.673017402643608e-05,-0.038203440689810596,0.0,8.87280534523069e-06,1.155964338243979,0.18195600521612126,0.3437483720443403,0.0,-1.3410214008058498e-05,8.760968771343936e-05,0.0,8.226425034737932e-07
15.94,-5.7052644560998984e-05,-0.02410344276208005,0.0,7.0523440438193985e-06,1.0991371066318356,0.1775808122432513,0.3490344821474514,0.0,-2.3023282808999302e-05,9.714498136746891e-05,0.0,6.005922772817142e-06
15.95,-4.443490235589392e-05,-0.010816570150429233,0.0,4.999720686546389e-06,1.0472018966181786,0.1731793395872703,0.35099818735435817,0.0,-2.860088796408571e-05,9.615805518535876e-05,0.0,9.566630279851828e-06
15.96,-3.060095765686783e-05,0.0006256931070416725,0.0,2.943703168687919e-06,1.0023608905683963,0.1693973152839529,0.350821442515878,0.0,-3.05047527710293e-05,8.696269396055578e-05,0.0,1.1536575001393497e-05
15.97,-1.7017331272629953e-05,0.009587961813987474,0.0,1.064967454678774e-06,0.966022135555878,0.16665727913381945,0.3496282123697627,0.0,-2.934252633154119e-05,7.210097780115415e-05,0.0,1.2079962808566198e-05
15.98,-4.818966737741357e-06,0.015797297958369733,0.0,-5.095432439027428e-07,0.9387888019415965,0.1651689059708918,0.3484040048657104,0.0,-2.5862407713156128e-05,5.4072779029860545e-05,0.0,1.1451059952875253e-05
15.99,5.220124081903741e-06,0.019286559156788705,0.0,-1.7063640881022714e-06,0.9205279139174528,0.16496015225203464,0.3479393341098644,0.0,-2.085777877188525e-05,3.512607339260305e-05,0.0,9.952916667169143e-06
16.0,1.2678380589534827e-05,0.020324152351106736,0.0,-2.5006276786914733e-06,0.9104967885495181,0.16590491441948854,0.34879278172392547,0.0,-1.5088077003123892e-05,1.7113583209942363e-05,0.0,7.900541896857594e-06
16.01,1.7449129032537668e-05,0.019338893453243522,0.0,-2.907962021221015e-06,0.9075039407196847,0.16773537137291467,0.35127057844234755,0.0,-9.219398288338357e-06,1.4142908814443323e-06,0.0,5.590813505676156e-06
16.02,1.9683379039896463e-05,0.016847338979211927,0.0,-2.974557645633763e-06,0.9100825018844967,0.17004718911644837,0.3554230851465061,0.0,-3.7858532647806945e-06,-1.1087012858242822e-05,0.0,3.2803350486989926e-06
16.03,1.9722146699874286e-05,0.013389242927009088,0.0,-2.766660432988431e-06,0.9166574116393656,0.17231843003209557,0.36106082698983055,0.0,8.293324779686966e-07,-1.997261957856069e-05,0.0,1.1714980326860632e-06
16.04,1.8026447180136467e-05,0.009474933432977516,0.0,-2.3605312629661285e-06,0.9256919833876069,0.17396085512205767,0.3677920430245424,0.0,4.395498829972577e-06,-2.522965727929707e-05,0.0,-5.93764781395584e-07
16.05,1.5111580884526359e-05,0.005546594966599511,0.0,-1.8336525727619491e-06,0.9358042335733312,0.1744094726557966,0.3750808503823249,0.0,6.822509798311979e-06,-2.7165582641157978e-05,0.0,-1.9336141710976644e-06
16.06,1.1490559679132038e-05,0.0019538329048980826,0.0,-1.257687804560978e-06,0.9458480448538137,0.17323948092600472,0.3823214658959884,0.0,8.138948975466899e-06,-2.6313513368099367e-05,0.0,-2.8207572140681605e-06
16.07,7.629694059669879e-06,-0.0010574112854550197,0.0,-6.934392813956239e-07,0.9549583993518564,0.17028306394006731,0.38892020338023686,0.0,8.464527455165701e-06,-2.3337833562872044e-05,0.0,-3.2732992340227293e-06
16.08,3.917658268641199e-06,-0.0033444817144435324,0.0,-1.8782319713557416e-07,0.9625633050155792,0.16570671953479346,0.39437413295765383,0.0,7.980345216854824e-06,-1.8948275471703366e-05,0.0,-3.3435570288383403e-06
16.09,6.478916802819659e-07,-0.004858646488779225,0.0,2.2730010771242196e-07,0.9683675143031375,0.16001236499251614,0.39833535359344013,0.0,6.900064489430656e-06,-1.3828204560626476e-05,0.0,-3.1062436353804694e-06
16.1,-1.9869429267240294e-06,-0.005629485948005125,0.0,5.347305850864152e-07,0.9723146795946667,0.1539482558915565,0.4006540531312823,0.0,5.4443266127779185e-06,-8.580380769553194e-06,0.0,-2.6471916874401817e-06
16.11,-3.890508608977042e-06,-0.005745726465182349,0.0,7.303333144301374e-07,0.9745352699008984,0.1483488735335028,0.40139972547885966,0.0,3.819966639076179e-06,-3.6912470945948203e-06,0.0,-2.0534884855727446e-06
16.12,-5.050853639742986e-06,-0.00533495190713437,0.0,8.206370799687148e-07,0.9752875139653346,0.1439464261438624,0.4008637132287267,0.0,2.204831026521594e-06,4.870472680554393e-07,0.0,-1.4055876864860893e-06
16.13,-5.523610095638496e-06,-0.004544205408445054,0.0,8.200074194137651e-07,0.9748979946166834,0.14120051398632993,0.3995455356057849,0.0,7.383428216371224e-07,3.7390665859798402e-06,0.0,-7.716700366158117e-07
16.14,-5.412830238446161e-06,-0.003522988290874392,0.0,7.477315979452158e-07,0.9737074678124554,0.14018259897572574,0.39812184473338375,0.0,-4.825750437081212e-07,5.976029641812068e-06,0.0,-2.0427109837205353e-07
16.15,-4.851637664601413e-06,-0.0024096331470156475,0.0,6.252892997736507e-07,0.9720261793263719,0.1405374864457982,0.3973936910031609,0.0,-1.4029944799969901e-06,7.2167919041191804e-06,0.0,2.610083125810381e-07
16.16,-3.984426020100557e-06,-0.0013215256706366836,0.0,4.740086660560394e-07,0.9701015442083347,0.14152928018828317,0.39820865913562814,0.0,-2.0059081340789564e-06,7.563428319532965e-06,0.0,6.05036591064108e-07
16.17,-2.9518361531813307e-06,-0.0003492129023899043,0.0,3.1323135544637117e-07,0.968099652945843,0.14216479788490563,0.40136112948632124,0.0,-2.3056977634923564e-06,7.174696017728891e-06,0.0,8.233426596657013e-07
16.18,-1.8792390555277638e-06,0.00044591147840899873,0.0,1.5903958896240975e-07,0.9661007575156536,0.1413730975585764,0.40748367531177937,0.0,-2.3402365206447716e-06,6.2401482299192e-06,0.0,9.234065355018876e-07
16.19,-8.689912415285325e-07,0.0010309000287691446,0.0,2.3537746332782384e-08,0.9641077258384477,0.13820606729840712,0.4169497229211632,0.0,-2.162605348048793e-06,4.957027588932886e-06,0.0,9.214768225720381e-07
16.2,3.657392308892085e-09,0.0013982224188418342,0.0,-8.53658894960778e-08,0.962065466927407,0.13201555406285115,0.429808297246733,0.0,-1.8332301718643378e-06,3.5113735816362032e-06,0.0,8.392937629831529e-07
16.21,6.914175267022687e-07,0.0015611664439596166,0.0,-1.637639170724185e-07,0.9598885373012429,0.12256514880895428,0.4457653663510491,0.0,-1.4130391455772859e-06,2.064106588669987e-06,0.0,7.010246665154841e-07
16.22,1.1731863192467838e-06,0.0015483964467148178,0.0,-2.112456685540044e-07,0.95749354914255,0.11005447008181861,0.4642142989994294,0.0,-9.58023172709658e-07,7.422540699648059e-07,0.0,5.306350554132583e-07
16.23,1.4503563648442456e-06,0.001398313194503929,0.0,-2.301935999045143e-07,0.9548326171973657,0.09506235251435396,0.48430461794504764,0.0,-5.15379054160114e-07,-3.6500067511720285e-07,0.0,3.4983348545007984e-07
16.24,1.5419362266938813e-06,0.0011537376462006997,0.0,-2.2498399660445408e-07,0.9519239124189448,0.07843610481553565,0.5050306961583572,0.0,-1.2123814251362696e-07,-1.206121295620738e-06,0.0,1.7664860901895307e-07
16.25,1.4791609888595287e-06,0.0008573002162616825,0.0,-2.011821990212946e-07,0.948875449263719,0.0611587862254698,0.5253239978939207,0.0,2.0015600943927657e-07,-1.7637674023266888e-06,0.0,2.4629316222739377e-08
16.26,1.3001724223541523e-06,0.0005477739205217095,0.0,-1.6480395302080796e-07,0.9458985389668232,0.04422036734358146,0.5441393788953548,0.0,4.3605548308922695e-07,-2.049080076372099e-06,0.0,-9.739381282449738e-08
16.27,1.0452196730923987e-06,0.0002574576116050832,0.0,-1.2169355843808464e-07,0.9433079135777439,0.028509768622451855,0.5605305923314461,0.0,5.83892508934079e-07,-2.0946828344890004e-06,0.0,-1.8508358179301427e-07
16.28,7.526904452314259e-07,1.060394688839454e-05,0.0,-7.704854675936711e-08,0.941506381423249,0.014736883802841898,0.5737116311266545,0.0,6.493510941339657e-07,-1.9472824023013505e-06,0.0,-2.380254927321307e-07
16.29,4.561443963480575e-07,-0.00017719861225131176,0.0,-3.510150464920041e-08,0.9409530181824615,0.0033874647593270775,0.5831028207976205,0.0,6.441241876210652e-07,-1.6606016357037083e-06,0.0,-2.589343853082494e-07
16.3,1.8239641862185842e-07,-0.00029883765051670884,0.0,1.0463413132236386e-09,0.9421153117502411,-0.005290856582205692,0.5883634888402932,0.0,5.836192174509717e-07,-1.2891929641293368e-06,0.0,-2.527549439276971e-07
16.31,-4.940449486864549e-08,-0.0003548605608644839,0.0,2.9457308968724608e-08,0.9454073160575158,-0.01127621194795877,0.5894125380284256,0.0,4.848237649242367e-07,-8.834876704212266e-07,0.0,-2.25757257090937e-07
16.32,-2.278307478942381e-07,-0.000352215024718194,0.0,4.92807865756118e-08,0.9511176439103005,-0.014740339514322564,0.5864349525498569,0.0,3.6448433433422617e-07,-4.862529926267527e-07,0.0,-1.847076456635558e-07
16.33,-3.485442198834734e-07,-0.00030271947135761804,0.0,6.059777591133314e-08,0.9593329148349372,-0.01600376501676263,0.5798709929022448,0.0,2.3769141962343395e-07,-1.30469423262842e-07,0.0,-1.3617142200268941e-07
16.34,-4.1317759691672503e-07,-0.00022141289269336353,0.0,6.42167653608714e-08,0.9698639027392008,-0.01548518973894477,0.5703856553860558,0.0,1.1690879196963206e-07,1.614863538052735e-07,0.0,-8.598070910439166e-08
16.35,-4.279297620827493e-07,-0.0001249031781308771,0.0,6.144909504429921e-08,0.9821828968927439,-0.013651060776890062,0.5588145959653268,0.0,1.1438026498154937e-08,3.7755750909782793e-07,0.0,-3.8878993458400316e-08
16.36,-4.020585811298653e-07,-2.980205478109273e-05,0.0,5.3887814928874534e-08,0.9953814735000707,-0.01097002400730555,0.5460801856469727,0.0,-7.272691271548942e-08,5.148798170670923e-07,0.0,1.6638541060591394e-09
16.37,-3.4642459723567665e-07,4.8692805833059e-05,0.0,4.3208654905877625e-08,1.0081577475747507,-0.007875516581813145,0.5330747692006029,0.0,-1.3272479821935813e-07,5.780881409665738e-07,0.0,3.348595193175946e-08
16.38,-2.7220220216743825e-07,9.802885945266717e-05,0.0,3.100585231369576e-08,1.018841034703678,-0.0047383191568797925,0.5205205663737483,0.0,-1.684150246355339e-07,5.773246606144758e-07,0.0,5.5646019915962924e-08
16.39,-1.8983552511073797e-07,0.00010931603656832765,0.0,1.8669835455232826e-08,1.0254595558340134,-0.001849591296628382,0.5088306540239608,0.0,-1.8181450517260085e-07,5.261862750656876e-07,0.0,6.82476326831601e-08
16.4,-1.0827852469204886e-07,7.81080686790819e-05,0.0,7.308617581271129e-09,1.0258533147338358,0.0005861543916112161,0.4980031089649599,0.0,-1.764648050556231e-07,4.398037196570691e-07,0.0,7.220918503193835e-08
16.41,-3.452556059675529e-08,4.92337824971527e-06,0.0,-2.2894626235432577e-09,1.0178296458559217,0.0024494749345397603,0.4875760420088899,0.0,-1.5679966513374087e-07,3.3319268509162486e-07,0.0,6.90111865618235e-08
16.42,2.658799343419475e-08,-0.00010452513059327044,0.0,-9.657137319818522e-09,0.9993534109896259,0.0036976543351774603,0.4766586487649497,0.0,-1.2756819730409877e-07,2.1996374554931966e-07,0.0,6.044779932890976e-08
16.43,7.235478771957251e-08,-0.00023942900459092217,0.0,-1.462120541598816e-08,0.9687578458864571,0.00435166366953406,0.46403922583680796,0.0,-9.335246802937362e-08,1.1142813462048281e-07,0.0,4.840346813919156e-08
16.44,1.0198556585283624e-07,-0.0003843533793544776,0.0,-1.7255498595000863e-08,0.9249562560716358,0.004480487748036301,0.4483587488630822,0.0,-5.820173540475776e-08,1.6093923441700104e-08,0.0,3.4668886461638046e-08
16.45,1.162763466870766e-07,-0.0005201148192551336,0.0,-1.7822170926302235e-08,0.8676299709232294,0.004184693788161085,0.42832809433264646,0.0,-2.5390684751333862e-08,-6.048586685433466e-08,0.0,2.080408503452876e-08
16.46,1.172075890160344e-07,-0.0006250933518576474,0.0,-1.6708920864979387e-08,0.7973652091167066,0.003580801101948196,0.40295779959848865,0.0,2.703400022607222e-09,-1.1557435701221015e-07,0.0,8.050658368906488e-09
16.47,1.0752444974515842e-07,-0.00067697904084062,0.0,-1.4368501236664596e-08,0.7157119574328552,0.0027876216790171117,0.3717618384339489,0.0,2.461893237336673e-08,-1.488947685717715e-07,0.0,-2.709582840384975e-09
16.48,9.033841756094277e-08,-0.0006549154954983731,0.0,-1.1265328316392421e-08,0.6251428815789076,0.0019153297544323344,0.3348940478948309,0.0,3.9744293528104184e-08,-1.6213433969261296e-07,0.0,-1.095573500418814e-08
16.49,6.878014149165218e-08,-0.0005419531315790641,0.0,-7.83236213698041e-09,0.5289009543695153,0.0010576253483061775,0.29318341862524283,0.0,4.8191602434395266e-08,-1.583812419536404e-07,0.0,-1.6497110540311723e-08
16.5,4.5722453390203435e-08,-0.0003276669532338796,0.0,-4.439860158813104e-09,0.43074174078111244,0.00028701325087494834,0.24805613756765021,0.0,5.063383071342154e-08,-1.4155795814645968e-07,0.0,-1.9420146994917003e-08
16.51,2.358244230041273e-08,-1.0732342867743352e-05,0.0,-1.3762282421222418e-09,0.3345985242623518,-0.0003470550474981747,0.20136166795550903,0.0,4.812727336717835e-08,-1.1590146906150367e-07,0.0,-2.0022298762025844e-08
16.52,4.202732965956124e-09,0.00039880508047428063,0.0,1.1599134430096843e-09,0.24421891850807756,-0.0008176238437496182,0.15514306799444805,0.0,4.19380126012765e-08,-8.552585120853214e-08,0.0,-1.874144686802335e-08
16.53,-1.1194683160674871e-08,0.0008778744873029614,0.0,3.0581270174333707e-09,0.1628301620894001,-0.0011178226763968995,0.11139858065511546,0.0,3.338672077935756e-08,-5.408814371995317e-08,0.0,-1.6087947304576674e-08
16.54,-2.1993422914207586e-08,0.0013896719416684562,0.0,4.287173540204507e-09,0.09288179349447911,-0.0012572073916222713,0.07187384936342574,0.0,2.3721509015732924e-08,-2.4564891451564653e-08,0.0,-1.2584699564355512e-08
16.55,-2.8120498267342325e-08,0.0018842239655160512,0.0,4.88099692590666e-09,0.03589398844931356,-0.0012574381021158785,0.03790962765050159,0.0,1.4024019997766095e-08,8.644833753876877e-10,0.0,-8.718775318564917e-09
16.56,-2.995172793618814e-08,0.002300499981367941,0.0,4.921966459251772e-09,-0.007582376970107758,-0.0011478130826399308,0.010355231992408474,0.0,5.149954078753144e-09,2.083986614593054e-08,0.0,-4.9063858265243205e-09
16.57,-2.8198897503430363e-08,0.002570259227876293,0.0,4.523424587678036e-09,-0.037905126075589574,-0.0009610801682651264,-0.010453568974245006,0.0,-2.298047930872152e-09,3.476622426825923e-08,0.0,-1.471423140463389e-09
16.58,-2.3791018846075605e-08,0.002623679019520626,0.0,3.813214611928901e-09,-0.0562015265757567,-0.0007298335840752347,-0.024661367471911295,0.0,-7.969635007539135e-09,4.270387854738585e-08,0.0,1.363426256819709e-09
16.59,-1.7759611645318314e-08,0.0023966284027558986,0.0,2.919422936261939e-09,-0.06417723781003043,-0.0004836876617017843,-0.03281824425325137,0.0,-1.1744054674430813e-08,4.522461556423713e-08,0.0,3.474882625252141e-09
16.6,-1.11352483944538e-08,0.0018392329460378179,0.0,1.9591155562938316e-09,-0.06390085303408297,-0.00024731035397020145,-0.0357785389750795,0.0,-1.3692162963391129e-08,4.325346095837658e-08,0.0,4.8290080734318495e-09
16.61,-4.860010790791202e-09,0.0009251375430074785,0.0,1.0304214585725803e-09,-0.05758878423387462,-3.9306647912873404e-05,-0.034588185516080894,0.0,-1.40296967517503e-08,3.791299677742096e-08,0.0,5.465500998587386e-09
16.62,2.8174194339589716e-10,-0.00033936398600487396,0.0,2.079480420222303e-10,-0.047410571879057666,0.00012813031890469799,-0.03037363631168589,0.0,-1.3067746808845603e-08,3.0383312566832604e-08,0.0,5.478907016478542e-09
16.63,3.7136293237038654e-09,-0.0019073740761302819,0.0,-4.587748492803993e-10,-0.03532902674831044,0.00024893243334182395,-0.0242425922813964,0.0,-1.116535896474495e-08,2.17865428984784e-08,0.0,4.99902525977479e-09
16.64,5.099025339881068e-09,-0.003685804494402122,0.0,-9.443266318575162e-10,-0.022983746316733847,0.0003223937758369396,-0.01720354544385882,0.0,-8.687962378657444e-09,1.310089835432295e-08,0.0,4.172370044079474e-09
16.65,4.3554483689783594e-09,-0.0055334102143401375,0.0,-1.2445220691019049e-09,-0.011621109533670975,0.00035209935416830447,-0.010107942042572919,0.0,-5.974031472305325e-09,5.105477424735638e-09,0.0,3.1460556439210377e-09
16.66,1.6527957433651713e-09,-0.007263633553030761,0.0,-1.3722863462956603e-09,-0.0020692524198347327,0.0003447045085590876,-0.0036158927305969184,0.0,-3.311158367158722e-09,-1.645819937052633e-09,0.0,2.054965842556543e-09
16.67,-2.6035251173179167e-09,-0.00865323513945073,0.0,-1.3529048005732234e-09,0.005247013241532304,0.0003087034959052163,0.0018160034095196292,0.0,-9.216400104291381e-10,-6.825148624553589e-09,0.0,1.0125982439679656e-09
16.68,-7.803827695371143e-09,-0.00945730929973909,0.0,-1.2191953832966996e-09,0.010258789841085147,0.0002532973967334568,0.005927885412747632,0.0,1.0431707325598223e-09,-1.0311605774608301e-08,0.0,1.055710351607398e-10
16.69,-1.3179249970104194e-08,-0.009430733737926056,0.0,-1.0070427774340223e-09,0.013181990788048542,0.000187439484277566,0.008635150231516479,0.0,2.5011091213862584e-09,-1.2158045710807557e-08,0.0,-6.085316945925888e-10
16.7,-1.7860258830775406e-08,-0.008355402338603312,0.0,-7.516086026700971e-10,0.014431765575963465,0.00011910412192861285,0.009996975132485682,0.0,3.4317575581495015e-09,-1.2549703628730904e-08,0.0,-1.1005122360299663e-09
16.71,-2.0947729849797514e-08,-0.006071772008718765,0.0,-4.844064567612449e-10,0.014531365341939077,5.479593508326714e-05,0.010179495152764666,0.0,3.865173313484298e-09,-1.1759982368843946e-08,0.0,-1.3667605908503531e-09
16.72,-2.1594971823451957e-08,-0.0025123788754669134,0.0,-2.3131491749083247e-10,0.014023525380119884,-7.085798773907696e-07,0.009417824090186828,0.0,3.8685820032489625e-09,-1.01078725076321e-08,0.0,-1.4249854935816377e-09
16.73,-1.9097800866310268e-08,0.002265872822286211,0.0,-1.1504058999386734e-11,0.01339127023946755,-4.441354326111252e-05,0.007980364433653866,0.0,3.532631852098753e-09,-7.920387569438602e-09,0.0,-1.3091156300941787e-09
16.74,-1.2988117728067697e-08,0.00805457385704067,0.0,1.6282375820762936e-10,0.012993699786266565,-7.498922847481355e-05,0.006137955092808669,0.0,2.958504876279234e-09,-5.502241908734397e-09,0.0,-1.0639220706105465e-09
16.75,-3.1245603247298303e-09,0.014476240759100482,0.0,2.860283526165434e-10,0.013020905219488394,-9.253598016655025e-05,0.004139468241686487,0.0,2.2468319748737094e-09,-3.1138936950886137e-09,0.0,-7.397948507813016e-10
16.76,1.0228075944810862e-08,0.020980866627756202,0.0,3.5813753473037923e-10,0.013470759565484736,-9.827290889377147e-05,0.0021945802152114544,0.0,1.4890007244063523e-09,-9.581057957131694e-10,0.0,-3.879794095441415e-10
16.77,2.6340539729798442e-08,0.026860818642614914,0.0,3.8364589087877415e-10,0.014148952105050738,-9.419453171451888e-05,0.0004636742133903095,0.0,7.611106951631888e-10,8.256005833399086e-10,0.0,-5.645877206011206e-11
16.78,4.3992788186967224e-08,0.03128743463528421,0.0,3.701766235208566e-10,0.014692283019781874,-8.273220441422194e-05,-0.0009457724125104811,0.0,1.2054546154955602e-10,2.1597833150542223e-09,0.0,2.134325258689618e-10
16.79,6.149043594955132e-08,0.033371200966906385,0.0,3.27152547983309e-10,0.014613878834737231,-6.644897778765538e-05,-0.0019773867656788595,0.0,-3.9509205451455136e-10,3.0227285382477106e-09,0.0,3.896488474210626e-10
16.8,7.673351189820208e-08,0.032245334756728465,0.0,2.645906438877665e-10,0.013367606741144226,-4.7787526000633276e-05,-0.0026199975713304363,0.0,-7.670875575641186e-10,3.4385648465393568e-09,0.0,4.5135541556461464e-10
16.81,8.734423830072087e-08,0.027170019934789374,0.0,1.920995488510683e-10,0.010427549754867444,-2.8881989107269454e-05,-0.0028990212538619747,0.0,-9.932585926730826e-10,3.465455490944933e-09,0.0,3.9017066506420496e-10
16.82,9.085611774369395e-08,0.01765161127841633,0.0,1.1812482691268569e-10,0.005376980392277065,-1.1436677546989072e-05,-0.0028664679939500036,0.0,-1.0846490989664681e-09,3.1833086970803765e-09,0.0,2.107552631214605e-10
16.83,8.496061829114568e-08,0.0035680579779128778,0.0,4.9455673006094634e-11,-0.0020000934012966913,3.3318975565598535e-06,-0.002590736428069467,0.0,-1.0617652881253757e-09,2.6821837982543283e-09,0.0,-6.925428600205668e-11
16.84,6.780044090569733e-08,-0.014711079676290354,0.0,-9.019059491924594e-12,-0.011632923960953128,1.4698008349852074e-05,-0.002147135894876344,0.0,-9.507793516788541e-10,2.052260893076423e-09,0.0,-4.2000332744022967e-10
16.85,3.8290211821401405e-08,-0.03622396497527421,0.0,-5.4336883801932204e-11,-0.023092525893229646,2.2386106322276035e-05,-0.0016098121976306971,0.0,-7.800401113334739e-10,1.3759213518515507e-09,0.0,-8.009319657238437e-10
16.86,-3.56283180838404e-09,-0.05935046056716283,0.0,-8.531357519380382e-11,-0.03554396904984607,2.6499440758041083e-05,-0.001045486638695706,0.0,-5.771311354550876e-10,7.221859627953988e-10,0.0,-1.1631187583166737e-09
16.87,-5.6373095091979214e-08,-0.0817959937315806,0.0,-1.0227072969536353e-10,-0.047731329207683006,2.743070006252919e-05,-0.000509172491590902,0.0,-3.6661805144299013e-10,1.4349893577510526e-10,0.0,-1.4525169622210314e-09
16.88,-1.1716641222912162e-07,-0.10063876507345584,0.0,-1.066891315708025e-10,-0.058002813899117565,2.5766344996487013e-05,-4.182517675267161e-05,0.0,-1.6853647881617814e-10,-3.2535687235767575e-10,0.0,-1.6140997771644185e-09
16.89,-1.8128864420314768e-07,-0.11244994393081931,0.0,-1.0083396365253437e-10,-0.06438115498343211,2.2194384848412366e-05,0.0003302776207376634,0.0,2.4036990674777385e-12,-6.665693085697094e-10,0.0,-1.5968519217909567e-09
16.9,-2.4247495218742525e-07,-0.11349056942952407,0.0,-8.739062313677795e-11,-0.064680797739791,1.7422976339997192e-05,0.000594737957859973,0.0,1.369795760667055e-10,-8.772668094534668e-10,0.0,-1.3594343766552607e-09
16.91,-2.93115150125945e-07,-0.09998096790341796,0.0,-6.914077879740262e-11,-0.05666878370088698,1.211470342118333e-05,0.0007511918922802964,0.0,2.3110205699858749e-10,-9.666098261077354e-10,0.0,-8.762146766301218e-10
16.92,-3.247383844705813e-07,-0.06842901910441135,0.0,-4.8698515011516286e-11,-0.038260746605808416,6.838976515991434e-06,0.000808799495089357,0.0,2.8508799589971743e-10,-9.524441861155023e-10,0.0,-1.4320926173189372e-10
16.93,-3.2872235792975447e-07,-0.015993296838976045,0.0,-2.8316950960817404e-11,-0.007737531895742194,2.042862991999026e-06,0.0007834310964592225,0.0,3.0270060067255376e-10,-8.579019923612724e-10,0.0,8.166557652486948e-10
16.94,-2.972088331041874e-07,0.05915293177111,0.0,-9.767357157783997e-12,0.03603777014410664,-1.9610478135456655e-06,0.0006948605394400054,0.0,2.9009111440744956e-10,-7.082586963683409e-10,0.0,1.949672841434308e-09
16.95,-2.2417936905370726e-07,0.15749919564903384,0.0,5.713982322181377e-12,0.09342729237841735,-4.9923685879206405e-06,0.0005642098290662404,0.0,2.547552937462618e-10,-5.282672825457141e-10,0.0,3.1696419937576964e-09
16.96,-1.0661509472636198e-07,0.2779640033012355,0.0,1.742083870090466e-11,0.1638779472753695,-6.9895875508156215e-06,0.00041181583206378576,0.0,2.0459289980145402e-10,-3.4010200753239787e-10,0.0,4.3590852992363934e-09
16.97,5.436547358274576e-08,0.417796295393155,0.0,2.5126751688316885e-11,0.24586012921837286,-7.98933442422256e-06,0.00025561661379318085,0.0,1.4713074229440032e-10,-1.619627691925334e-10,0.0,5.374052191647908e-09
16.98,2.525225988759887e-07,0.5726504513835503,0.0,2.900338161625435e-11,0.33690762079093695,-8.101777133366953e-06,0.00011008884863189081,0.0,8.894269651272592e-11,-7.322549047575978e-12,0.0,6.052975749802767e-09
16.99,4.758158704934244e-07,0.736854988482457,0.0,2.952128046618325e-11,0.4337700021433798,-7.485282523595933e-06,-1.428716599044083e-05,0.0,3.527580233640381e-11,1.1525220662010398e-10,0.0,6.229722848816655e-09
17.0,7.061861275146744e-07,0.9038656360157209,0.0,2.7345486247918592e-11,0.5326714978574539,-6.322864123793463e-06,-0.00011109959637954797,0.0,-1.0128411504299551e-11,2.018137206569296e-10,0.0,5.750557475364406e-09
17.01,9.199466918194489e-07,1.0668552995095815,0.0,2.3236174780591603e-11,0.6296478275316579,-4.802218159915002e-06,-0.00017770581118248127,0.0,-4.504302767240287e-11,2.524016055990708e-10,0.0,4.49422591791573e-09
17.02,1.0889039208131456e-06,1.2193577721237738,0.0,1.7961995720847954e-11,0.7209120695807475,-3.1004006253250295e-06,-0.00021466647528467785,0.0,-6.863033363782847e-11,2.7019606221621123e-10,0.0,2.393809327886472e-09
17.03,1.1822783448586603e-06,1.355865836771533,0.0,1.2230996282806037e-11,0.8031919851426416,-1.3734945150597647e-06,-0.0002250189067937386,0.0,-8.122133400728197e-11,2.605752641117e-10,0.0,-5.415771552088682e-10
17.04,1.1694279134553468e-06,1.4722965810068522,0.0,6.641459468739148e-12,0.8739898527252569,2.48987973595398e-07,-0.00021348728340890116,0.0,-8.403959192247706e-11,2.301797052765832e-10,0.0,-4.207665774199683e-09
17.05,1.0232862479231558e-06,1.5662694094766252,0.0,1.652748281810293e-12,0.9317364516540357,1.6656911728567801e-06,-0.00018571218080048766,0.0,-7.890534759907829e-11,1.8606394064943361e-10,0.0,-8.391297994817819e-09
17.06,7.243260610289521e-07,1.637179162084088,0.0,-2.4255231858200585e-12,0.9758332114736291,2.8020232887077047e-06,-0.00014756279657155127,0.0,-6.794998550060677e-11,1.3499148877457575e-10,0.0,-1.2765028404800893e-08
17.07,2.647486775370216e-07,1.686077020507136,0.0,-5.428920015203981e-12,1.0065938929992526,3.6069678133951027e-06,-0.0001045745847875941,0.0,-5.3363655640714154e-11,8.290433872102805e-11,0.0,-1.6892907366752377e-08
17.08,-3.4750473891846555e-07,1.7153929945001611,0.0,-7.321874905409343e-12,1.0251078782999405,4.0492760754154045e-06,-6.153502056734233e-05,0.0,-3.7191128979292246e-11,3.457656934378809e-11,0.0,-2.024980436584662e-08
17.09,-1.0854133374940932e-06,1.7285471509106438,0.0,-8.173546036989511e-12,1.0330520670578391,4.114076664173452e-06,-2.2222450727193607e-05,0.0,-2.1183555270188216e-11,-6.556538341635566e-12,0.0,-2.22557680754666e-08
17.1,-1.9007589364800858e-06,1.7295045014533839,0.0,-8.129613815876104e-12,1.0324787997255196,3.8006862464469435e-06,1.0711455006080588e-05,0.0,-6.707276414729883e-12,-3.841605379259284e-11,0.0,-2.232565330094297e-08
17.11,-2.7237934896727962e-06,1.7223321333942057,0.0,-7.383344209067175e-12,1.0256044289910013,3.122076760614628e-06,3.573569650946968e-05,0.0,5.294389872971263e-12,-6.017450849439495e-11,0.0,-1.993261255471199e-08
17.12,-3.465207395074627e-06,1.7108155561382554,0.0,-6.148606770848061e-12,1.0146183231607175,2.1060811914614675e-06,5.233699782491013e-05,0.0,1.4294254041217444e-11,-7.206364420988862e-11,0.0,-1.468213421287763e-08
17.13,-4.020797295722257e-06,1.6981793229554025,0.0,-4.636795820066412e-12,1.0015262416643553,7.980408649413616e-07,6.084939959647359e-05,0.0,2.013939123853794e-11,-7.513010412075069e-11,0.0,-6.391246968656754e-09
17.14,-4.2790392760678505e-06,1.686931903182164,0.0,-3.0388494651559423e-12,0.9880360200806368,-7.357516495542461e-07,6.224554291227408e-05,0.0,2.298537057146061e-11,-7.09714626280378e-11,0.0,4.834508391382146e-09
17.15,-4.131506049288745e-06,1.678824355653775,0.0,-1.5128622527598111e-12,0.9754879801342614,-2.4047429164128996e-06,5.791599722228683e-05,0.0,2.3217390746937793e-11,-6.147985892972553e-11,0.0,1.853547792212937e-08
17.16,-3.4857345367711624e-06,1.6748911073891788,0.0,-1.7719271896006723e-13,0.9648278728974907,-4.092055874912172e-06,4.94584750573853e-05,0.0,2.1367994826185758e-11,-4.861406731373397e-11,0.0,3.385399330025733e-08
17.17,-2.2797726352269393e-06,1.6755362319328992,0.0,8.91492996904802e-13,0.9566167129745248,-5.6548464600178885e-06,3.8493313013545366e-05,0.0,1.8039290481348338e-11,-3.421394171351255e-11,0.0,4.952286330684217e-08
17.18,-4.972406890421595e-07,1.6806358843111269,0.0,1.656114201293989e-12,0.9510696437775723,-6.928164809627772e-06,2.6515860604440443e-05,0.0,1.3835531321522286e-11,-1.986451503004724e-11,0.0,6.389622475635666e-08
17.19,1.8186263079093213e-06,1.6896401208575866,0.0,2.1140491880597353e-12,0.9481149322167322,-7.733161586697946e-06,1.4790964617603505e-05,0.0,9.309769440403135e-12,-6.8111473454442795e-12,0.0,7.503069186099475e-08
17.2,4.553788066009171e-06,1.7016713032484876,0.0,2.2900766458223126e-12,0.9474641717347266,-7.890078540460565e-06,4.2899813541770175e-06,0.0,4.926272909518419e-12,4.077646290139747e-12,0.0,8.082128955839249e-08
17.21,7.517067108240942e-06,1.715627937116638,0.0,2.2284114547955544e-12,0.9486855616532633,-7.235919002901372e-06,-4.333042092066798e-06,0.0,1.0386637270134346e-12,1.2306518855661818e-11,0.0,7.919177814457747e-08
17.22,1.0440681834021865e-05,1.7303057253602205,0.0,1.9847235596975554e-12,0.9512734868341257,-5.646039141326948e-06,-1.0732079156239277e-05,0.0,-2.1176349548800907e-12,1.7717726628263276e-11,0.0,6.833283308752165e-08
17.23,1.2989426754413981e-05,1.744537743591697,0.0,1.6188421293669963e-12,0.954709303729476,-3.0581818606786234e-06,-1.4834401052984233e-05,0.0,-4.421007604832823e-12,2.043353416029104e-11,0.0,4.697447785235865e-08
17.24,1.4779800196287678e-05,1.7573389790263076,0.0,1.188638709124229e-12,0.958510028101273,5.032438730355538e-07,-1.678870702423232e-05,0.0,-5.850221636124429e-12,2.0786289980553388e-11,0.0,1.4671716005573432e-08
17.25,1.5409624235710002e-05,1.7680294937872727,0.0,7.453754493491982e-13,0.962263334042009,4.9054765860308975e-06,-1.6904170560899727e-05,0.0,-6.465054990879409e-12,1.9244901516728324e-11,0.0,-2.7924804302551415e-08
17.26,1.4497682947462304e-05,1.7763113941062172,0.0,3.3061574097560046e-13,0.9656487766626287,9.891621509968532e-06,-1.558760106220164e-05,0.0,-6.38392970559312e-12,1.63449068520397e-11,0.0,-7.88471546311922e-08
17.27,1.1731665755079626e-05,1.7822839140754507,0.0,-2.5362762792950868e-14,0.9684463528675256,1.5074303652159246e-05,-1.3284628198471718e-05,0.0,-5.7611425486484225e-12,1.2627503781835548e-11,0.0,-1.3467527443823954e-07
17.28,6.921321135992693e-06,1.7863923742673564,0.0,-3.0383157683484627e-13,0.970534372370633,1.9942151323135757e-05,-1.042929693205196e-05,0.0,-4.765771074633727e-12,8.590978814848736e-12,0.0,-1.9052715163894058e-07
17.29,5.2317400343900055e-08,1.7893179165836752,0.0,-4.968081377801625e-13,0.9718791204892586,2.388195510270275e-05,-7.404891101127056e-06,0.0,-3.563747211511933e-12,4.656165209411673e-12,0.0,-2.4020866343540747e-07
17.3,-8.664979155024856e-06,1.7918254160876037,0.0,-6.054817958854402e-13,0.9725189827970535,2.6218329131783543e-05,-4.517323613412233e-06,0.0,-2.3039976424769875e-12,1.1459865446725724e-12,0.0,-2.7654926925558697e-07
17.31,-1.875858714591842e-05,1.7945965486969075,0.0,-6.381698428678155e-13,0.9725456193647324,2.627120910565691e-05,-1.9811423860174376e-06,0.0,-1.1090040616906584e-12,-1.7221026057711888e-12,0.0,-2.919361409458563e-07
17.32,-2.9477133911658254e-05,1.7980813450845516,0.0,-6.080818931374999e-13,0.9720844862920227,2.3429595999622405e-05,8.283612245251375e-08,0.0,-6.967481128814435e-14,-3.832844929514506e-12,0.0,-2.7904066166575313e-07
17.33,-3.9798327849257204e-05,1.8023995384878138,0.0,-5.311288475144046e-13,0.9712765726922196,1.723769610053449e-05,1.6400151005434996e-06,0.0,7.559350452611514e-13,-5.1616547277399334e-12,0.0,-2.317082413310077e-07
17.34,-4.8469779380799556e-05,1.8073093988204285,0.0,-4.2395880345053153e-13,0.9702627183176589,7.487178769072363e-06,2.726866681318204e-06,0.0,1.3407571198276988e-12,-5.757592968918692e-12,0.0,-1.4595647307481133e-07
17.35,-5.4086315712485896e-05,1.8122420235695802,0.0,-3.023438398831789e-13,0.9691713593082907,-5.693102445418286e-06,3.43062722009338e-06,0.0,1.6845254521205467e-12,-5.72349643204567e-12,0.0,-2.0999881419165736e-08
17.36,-5.5204995035901475e-05,1.8163842517059992,0.0,-1.799846800581206e-13,0.9681100648854863,-2.1760624689606296e-05,3.866363735253703e-06,0.0,1.8081310701684268e-12,-5.195602253203088e-12,0.0,1.3980536711730997e-07
17.37,-5.0495163998117377e-05,1.8187889212559119,0.0,-6.774948532153428e-14,0.9671608112427491,-3.970804552261041e-05,4.15381620207102e-06,0.0,1.7473185771260602e-12,-4.3245581708411205e-12,0.0,3.282231363469532e-07
17.38,-3.8916299453344965e-05,1.8184938072666683,0.0,2.6678406459886893e-14,0.9663786123977645,-5.8049913191118196e-05,4.396181727654509e-06,0.0,1.5464156978539733e-12,-3.259187669589811e-12,0.0,5.307426993643445e-07
17.39,-1.991134392936972e-05,1.8146350170619565,0.0,9.879945439878687e-14,0.9657929011988342,-7.485891077057888e-05,4.6626858296311924e-06,0.0,1.2526377009688275e-12,-2.1338484853621547e-12,0.0,7.28663825824899e-07
17.4,6.401772531222088e-06,1.8065445058572627,0.0,1.4701841038307788e-13,0.965410926443693,-8.786092873407749e-05,4.976409717887079e-06,0.0,9.113436747915674e-13,-1.0597310534250055e-12,0.0,8.987808043942522e-07
17.41,3.906217255419338e-05,1.7938244057074868,0.0,1.721697017719284e-13,0.9652223954412399,-9.459421146109662e-05,5.3084272057754334e-06,0.0,5.624585836660488e-13,-1.200252948728617e-13,0.0,1.0147501167911617e-06
17.42,7.614659993800562e-05,1.7763932172058048,0.0,1.7693051324484696e-13,0.9652046309082372,-9.263210644169564e-05,5.5788584721627084e-06,0.0,2.381277385559624e-13,6.314393349779271e-13,0.0,1.049173307812267e-06
17.43,0.00011472479218882034,1.7545008576871612,0.0,1.6519669552272002e-13,0.9653276091255192,-7.986174862281753e-05,5.664972352370813e-06,0.0,-3.845165714748518e-14,1.1686960873192712e-12,0.0,9.763556593548345e-07
17.44,0.00015091467644537051,1.7287114142435556,0.0,1.4148399309173857e-13,0.9655583838856606,-5.480273907373185e-05,5.415964379899949e-06,0.0,-2.531685572061647e-13,1.490020962642303e-12,0.0,7.756156858097843e-07
17.45,0.00018005803729791771,1.6998545734041404,0.0,1.1040164963249718e-13,0.9658645595947505,-1.69411567906154e-05,4.6735074779956425e-06,0.0,-4.003115641210209e-13,1.6129562752395973e-12,0.0,4.349257944129216e-07
17.46,0.00019702946947078642,1.6689494581555375,0.0,7.62291613055078e-14,0.9662166404001945,3.295407674680908e-05,3.2966263478074035e-06,0.0,-4.812923507478957e-13,1.5687002494952463e-12,0.0,-4.543122893285325e-08
17.47,0.00019668006865147594,1.6371083405231828,0.0,4.26114110574106e-14,0.9665892364676314,9.257234764916525e-05,1.1889065336319976e-06,0.0,-5.030155577049357e-13,1.3964878418819303e-12,0.0,-6.495915886615347e-07
17.48,0.00017440274571890702,1.6054323916203603,0.0,1.2373832772452769e-14,0.966961242580911,0.00015790418796458766,-1.674450559102482e-06,0.0,-4.761126287289609e-13,1.1384565219473218e-12,0.0,-1.3436922911817265e-06
17.49,0.0001267890299375471,1.5749156102093866,0.0,-1.255160147124409e-14,0.9673152101943576,0.00022323053141594604,-5.222626581111121e-06,0.0,-4.132229630824394e-13,8.353438695790232e-13,0.0,-2.0748025063586067e-06
17.5,5.2328987164346114e-05,1.546372370402864,0.0,-3.110653146060981e-14,0.9676362068946329,0.00028129885281904604,-9.271401795152049e-06,0.0,-3.2746283746767944e-13,5.232176717912074e-13,0.0,-2.77168510525364e-06
17.51,-4.7911882592571926e-05,1.5203961546980822,0.0,-4.301408576401484e-14,0.9679104944464956,0.0003237167573391628,-1.3514797493127989e-05,0.0,-2.311764076933313e-13,2.313063771943615e-13,0.0,-3.3477947422200542e-06
17.52,-0.00016972008787030911,1.4973463124442932,0.0,-4.8637835246949966e-14,0.9681243579109708,0.0003415776353490785,-1.752912057242786e-05,0.0,-1.3501846173074678e-13,-1.9112906105606618e-14,0.0,-3.7067795596620277e-06
17.53,-0.0003053574774596206,1.4773544480868506,0.0,-4.881451690762876e-14,0.9682633853164014,0.0003263111458462692,-2.0791809915715177e-05,0.0,-4.737905024025599e-14,-2.148952006162011e-13,0.0,-3.750547292280287e-06
17.54,-0.0004434748196922539,1.4603447091618025,0.0,-4.468071797348474e-14,0.9683124332484511,0.0002707243788401735,-2.271652896167968e-05,0.0,2.587194740491853e-14,-3.5045836364229474e-13,0.0,-3.3896881623743233e-06
17.55,-0.0005694030764276328,1.4460662146752994,0.0,-3.750996863998052e-14,0.9682564232205216,0.000170169205179568,-2.2704605641543374e-05,0.0,8.136562852082148e-14,-4.266721822324742e-13,0.0,-2.555729630732704e-06
17.56,-0.0006658913460517462,1.4341343871084589,0.0,-2.857230181277279e-14,0.9680820029620139,2.373999932873277e-05,-2.021122232391469e-05,0.0,1.1800000816278929e-13,-4.494176525784992e-13,0.0,-1.214353899156071e-06
17.57,-0.0007143293655090237,1.4240728455239786,0.0,-1.9023821175246224e-14,0.9677799834483337,-0.00016462316926260518,-1.482278661203475e-05,0.0,1.3655702813537212e-13,-4.280123136861172e-13,0.0,6.216309411458266e-07
17.58,-0.0006964488339695338,1.4153462444787916,0.0,-9.829597121431117e-15,0.9673483356767087,-0.0003852738087162687,-6.339805114409242e-06,0.0,1.3923565839991298e-13,-3.736678036760492e-13,0.0,2.8810721932620915e-06
17.59,-0.0005964431294803911,1.4073804777056236,0.0,-1.7195906870944824e-15,0.966795411312506,-0.0006224014570954361,5.142472877827211e-06,0.0,1.2915970751823293e-13,-2.981078418985199e-13,0.0,5.4267217808217565e-06
17.6,-0.0004033823393541981,1.3995758264252747,0.0,4.82552198992508e-15,0.9661429499533539,-0.0008541364004048447,1.916513846188286e-05,0.0,1.0990877519142868e-13,-2.1243368223990173e-13,0.0,8.052744088922796e-06
17.61,-0.0001137347361282018,1.3913235071631656,0.0,9.563707894031062e-15,0.9654283650848754,-0.0010533560105767993,3.4859129703608225e-05,0.0,8.510851059547285e-14,-1.2628401058225514e-13,0.0,1.0489169623358571e-05
17.62,0.00026625663349914527,1.3820326408833743,0.0,1.2462298346050048e-14,0.9647057729297649,-0.001189291555366981,5.09322108221835e-05,0.0,5.810350022587751e-14,-4.7300550503833545e-14,0.0,1.2414663165446965e-05
17.63,0.0007186448917072427,1.3711661539123394,0.0,1.3656577529769575e-14,0.9640452542863497,-0.0012299719761448779,6.569970958852505e-05,0.0,3.1723942984692753e-14,1.9118501235369557e-14,0.0,1.3478419191899937e-05
17.64,0.0012126319203312295,1.3582777663267522,0.0,1.3402428754453959e-14,0.9635299276630617,-0.0011454579693028321,7.716720201651894e-05,0.0,8.146700675110438e-15,6.981650198247873e-14,0.0,1.3331202080928415e-05
17.65,0.0017045395264359742,1.3430416659247242,0.0,1.2028439481444984e-14,0.9632505672126802,-0.0009117193770756505,8.316977566720301e-05,0.0,-1.1157073517961836e-14,1.0368059150919736e-13,0.0,1.1664538123294059e-05
17.66,0.002139202259498721,1.325269661365395,0.0,9.891770947994603e-15,0.9632977204303089,-0.000514897901994666,8.156748329899668e-05,0.0,-2.5401455465601762e-14,1.2130684506371232e-13,0.0,8.2558950434693e-06
17.67,0.0024530083663539684,1.3049142595272638,0.0,7.340857806747453e-15,0.963751560779202,4.441506704122213e-05,7.049027882081435e-05,0.0,-3.4409620160426806e-14,1.2458665385561426e-13,0.0,3.0164395102763597e-06
17.68,0.0025786930740017335,1.2820587936700307,0.0,4.686756896438566e-15,0.9646700339467776,0.0007473571111500561,4.8618457272011584e-05,0.0,-3.850049554305342e-14,1.1626720005201743e-13,0.0,-3.9632376087566855e-06
17.69,0.002451821702403898,1.256897352606894,0.0,2.1838224461073568e-15,0.9660761994949161,0.0015539779554168303,1.5476949515303872e-05,0.0,-3.835599313724433e-14,9.952997959881506e-14,0.0,-1.2375049485321168e-05
17.7,0.0020186956235133113,1.2297080199954,0.0,1.942557277354593e-17,0.9679460002673133,0.0024020116096966407,-2.8285507217524262e-05,0.0,-3.4884545524265264e-14,7.76204501962524e-14,0.0,-2.1669274425411034e-05
17.71,0.0012451843584792377,1.2008230273482687,0.0,-1.688295703228188e-15,0.9701979711053599,0.0032078036538037845,-8.066738557518615e-05,0.0,-2.909367706376065e-14,5.355041058778811e-14,0.0,-3.105076674586338e-05
17.72,0.00012575087391177776,1.1705990496259113,0.0,-2.8861576601717287e-15,0.9726865826182396,0.0038698744037665633,-0.00013817446249538937,0.0,-2.1980851901082102e-14,2.988378096488394e-14,0.0,-3.9501396446550264e-05
17.73,-0.0013082811184290139,1.1393902077785123,0.0,-3.576878147980934e-15,0.9752009602134917,0.004275437756132317,-0.0001958084262870443,0.0,-1.4448288274428086e-14,8.606896936819718e-15,0.0,-4.5833261853126076e-05
17.74,-0.002982340278633507,1.1075255439473128,0.0,-3.8070506129277856e-15,0.9774705820005667,0.004309956939568973,-0.0002472197455186025,0.0,-7.244127007518238e-15,-8.923203896017703e-15,0.0,-4.8775022071981504e-05
17.75,-0.004775316146442581,1.0752919284277485,0.0,-3.653823981712106e-15,0.9791792090797756,0.0038695081857816147,-0.0002850519075799643,0.0,-9.295301106944263e-16,-2.1964471875759006e-14,0.0,-4.709064887447401e-05
17.76,-0.006520560493637444,1.042922637053506,0.0,-3.211724675067763e-15,0.9799877204939617,0.002875357067820048,-0.0003014901643502489,0.0,4.130894696858254e-15,-3.032472888432995e-14,0.0,-3.972611085093096e-05
17.77,-0.008012223753840147,1.0105912652169966,0.0,-2.580739933987061e-15,0.979565715875698,0.0012897560202260808,-0.00028900873973106194,0.0,7.759438788803465e-15,-3.4262191593421443e-14,0.0,-2.5975198390905152e-05
17.78,-0.009017656063453556,0.97841025186942,0.0,-1.8564338931358426e-15,0.977630740682758,-0.0008684181899797612,-0.00024128678416020723,0.0,9.941319221976515e-15,-3.436760951307378e-14,0.0,-5.651215319264448e-06
17.79,-0.00929612463047016,0.9464330785610692,0.0,-1.1225264865117004e-15,0.9739928407437961,-0.003509905976444335,-0.0001542366202795424,0.0,1.0791513942962245e-14,-3.144222334120074e-14,0.0,2.0752948317621272e-05
17.8,-0.008623464798447184,0.9146591682525318,0.0,-4.460589762365934e-16,0.9686009547191862,-0.006465138042387697,-2.7060145004290488e-05,0.0,1.0517252684700633e-14,-2.6383110392692465e-14,0.0,5.1937247383889125e-05
17.81,-0.006821519479230752,0.8830406035371557,0.0,1.2498183805299268e-16,0.9615865247093233,-0.009480168054246497,0.00013677655812217057,0.0,9.380365750474117e-15,-2.008439084740914e-14,0.0,8.572229433381477e-05
17.82,-0.0037903804813815374,0.8514899710938736,0.0,5.61895279815038e-16,0.9532987905548478,-0.01222035883033324,0.0003287809409204376,0.0,7.66281655668291e-15,-1.3359587968981862e-14,0.0,0.00011905541791547858
17.83,0.0004594024971448496,0.8198888710968638,0.0,8.537877875919426e-16,0.9443256910387908,-0.01428333152276181,0.0005350263204836244,0.0,5.637761691522745e-15,-6.887464214035357e-15,0.0,0.00014811527683830666
17.84,0.005778242156289736,0.7880968601115499,0.0,1.0048718854366865e-15,0.9354942848515156,-0.015222028800620216,0.0007362403061845048,0.0,3.5475026880809614e-15,-1.181109090950765e-15,0.0,0.00016852984101463163
17.85,0.011856731215429718,0.7559607822436836,0.0,1.0310320367584131e-15,0.9278452687719094,-0.01457781234394914,0.0009085142948362825,0.0,1.5888019129931739e-15,3.421933299323692e-15,0.0,0.0001757139370253928
17.86,0.018217091374957414,0.7233245538056177,0.0,9.561034554199622e-16,0.9225776157122173,-0.01192234638277001,0.0010247244297787238,0.0,-9.470956202084933e-17,6.752082915225796e-15,0.0,0.00016532093835473243
17.87,0.02422113867121025,0.6900394817126317,0.0,8.082372262242926e-16,0.9209616272838563,-0.006905685372922787,0.0010567008620515704,0.0,-1.4138674819045888e-15,8.787043798097552e-15,0.0,0.0001337890492542064
17.88,0.029098393781713364,0.6559751099579054,0.0,6.166355775415919e-16,0.9242217594665652,0.0006933999849028206,0.0009781105652468228,0.0,-2.330259691803018e-15,9.62260596678157e-15,0.0,7.894687762762846e-05
17.89,0.03199674123168571,0.6210304123473578,0.0,4.088467074447117e-16,0.9333943010718231,0.010920101132683617,0.0007679325719128585,0.0,-2.848854478307536e-15,9.439286401018996e-15,0.0,6.269306593485254e-07
17.9,0.03205623566516954,0.5851449097232411,0.0,2.0871898841701267e-16,0.9491691154623559,0.023605471355055002,0.0004143090815681499,0.0,-3.0083906938099168e-15,8.468608944577386e-15,0.0,-9.877900275897152e-05
17.91,0.028504315062885508,0.5483090278866024,0.0,3.5036931415170663e-17,0.9717288318050483,0.03834420861131858,-8.154023028898835e-05,0.0,-2.8708442518043457e-15,6.962050955848671e-15,0.0,-0.00021389989457899886
17.92,0.02076793165580817,0.5105727833760393,0.0,-9.919944531529322e-17,1.0006026183229404,0.054494654684151225,-0.0007017395395816298,0.0,-2.5110883955523938e-15,5.1648108473299696e-15,0.0,-0.00033618397663365973
17.93,0.008595151911814725,0.472051753543076,0.0,-1.869322332038889e-16,1.0345544223830492,0.07120599637325713,-0.0014089764786006712,0.0,-2.0076118495939413e-15,3.2956731878544324e-15,0.0,-0.00045399676546811546
17.94,-0.007824114325771908,0.4329293266539898,0.0,-2.267442506048876e-16,1.0715267023413202,0.08747506205637592,-0.002145010870794497,0.0,-1.434883602000188e-15,1.5334443268239736e-15,0.0,-0.0005530881942251384
17.95,-0.02775107314736364,0.39345451002029225,0.0,-2.222100026818316e-16,1.1086595809587994,0.1022310843638393,-0.002830943305883292,0.0,-8.576844064380428e-16,9.756282613270044e-18,0.0,-0.0006174761369646139
17.96,-0.04981918428805738,0.3539351679201693,0.0,-1.8100477188465343e-16,1.1424014552751338,0.1144412239551996,-0.0033696350862791693,0.0,-3.2748523657288786e-16,-1.192478091717376e-15,0.0,-0.0006307600795204202
17.97,-0.07199842873759926,0.3147274637306126,0.0,-1.13863346163305e-16,1.16871996871963,0.12322284238253803,-0.003650526090185623,0.0,1.1924322467145428e-16,-2.0360187116296424e-15,0.0,-0.000577834627156404
17.98,-0.09161653255216146,0.2762231707642312,0.0,-3.3461246136978114e-17,1.1834116596559858,0.12794271099426924,-0.0035568853991368174,0.0,4.610504958231334e-16,-2.5228983419202617e-15,0.0,-0.00044692000031166276
17.99,-0.10544796764549808,0.2388366265270548,0.0,4.672761279206068e-17,1.1824945965902953,0.12828343403042725,-0.0029752579665378548,0.0,6.902071969918369e-16,-2.6859386032736602e-15,0.0,-0.00023176920131051413
18.0,-0.10987651253252428,0.20299194083255362,0.0,1.1355868142561514e-16,1.1626512827680278,0.1242665058838223,-0.0018065553556744893,0.0,8.104796277355676e-16,-2.5793652849374145e-15,0.0,6.614582515184979e-05
18.01,-0.1011301372134081,0.16910942840037207,0.0,1.5530204815590822e-16,1.1216702116216701,0.116234837117609,2.2093670138214665e-05,0.0,8.343687432983486e-16,-2.269534913182544e-15,0.0,0.00043571759802805217
18.02,-0.07557828959720528,0.13758969583822567,0.0,1.626607096194588e-16,1.0588175023506985,0.10480564188634024,0.0025459285896579278,0.0,7.801684964439328e-16,-1.826560774362787e-15,0.0,0.0008548416922985713
18.03,-0.03007192961956022,0.10879490269125636,0.0,1.2969389319570472e-16,0.9750639034854041,0.09080374240840751,0.005753017583448616,0.0,6.691392483563689e-16,-1.3173811644724429e-15,0.0,0.0012899116060546673
18.04,0.03770315176832867,0.0830283776734186,0.0,5.4608423106487815e-17,0.8731076983430879,0.07518143485920341,0.009578149655271808,0.0,5.230193380995474e-16,-8.005716021595409e-16,0.0,0.0016964574332382235
18.05,0.12889775854267205,0.060514762789874804,0.0,-5.963126313406897e-17,0.757172188827565,0.05893072803977201,0.013901644114972782,0.0,3.620211157948392e-16,-3.2298627064214005e-16,0.0,0.0020211671077509
18.06,0.24323916084347053,0.04138302232074967,0.0,-2.049363996897663e-16,0.6326042594919463,0.042996834215539396,0.018554237751818456,0.0,2.033843933675558e-16,8.186419942545294e-17,0.0,0.002205441110951013
18.07,0.37888394672731973,0.0256545517359,0.0,-3.680414880136371e-16,0.5053395430165358,0.028203498387249126,0.02332856991318205,0.0,6.049604318031021e-17,3.9392383828123513e-16,0.0,0.002190503985165979
18.08,0.5324222466210657,0.013238450094500894,0.0,-5.308389718413297e-16,0.3813192982957645,0.015198570755902738,0.027996811105801284,0.0,-5.74669295793853e-17,6.055012070987281e-16,0.0,0.0019239325013545104
18.09,0.6990565113417152,0.0039354271536101975,0.0,-6.711647600850788e-16,0.2659437484976351,0.0044237609361944315,0.03233278498626903,0.0,-1.4545031178837244e-16,7.193275134427605e-16,0.0,0.001367269663647054
18.1,0.8729527636231884,-0.0025493909899544785,0.0,-7.640759670001888e-16,0.16363066229634643,-0.003891763558713425,0.03613584916830037,0.0,-2.0209313340075506e-16,7.461130988876769e-16,0.0,0.0005041900993259173
18.11,1.0477294428290953,-0.006585972851124992,0.0,-7.836251102936858e-16,0.0775224154713907,-0.009717304845401193,0.0392532700418169,0.0,-2.290656786442017e-16,7.019222842362983e-16,0.0,-0.0006515147086332397
18.12,1.2170167163528065,-0.008593622726334618,0.0,-7.050835735335865e-16,0.009356550502456169,-0.01319121741543518,0.04159807984145096,0.0,-2.302821659412698e-16,6.056347813483689e-16,0.0,-0.0020490293636545743
18.13,1.3749994439215103,-0.009012956937743193,0.0,-5.075039405711603e-16,-0.04050980246498664,-0.014581965637150461,0.04316025819250354,0.0,-2.1108352253723145e-16,4.76697577091728e-16,0.0,-0.003595692373794642
18.14,1.5168593965025365,-0.008278599391801098,0.0,-1.76440738624975e-16,-0.07294872976402673,-0.014245327078626567,0.044010126848868805,0.0,-1.77468114968033e-16,3.3330264265034735e-16,0.0,-0.005155288389759448
18.15,1.6390570966774662,-0.006795117897618853,0.0,2.9342051557539135e-16,-0.08982020581801753,-0.012582661083657149,0.0442937755364482,0.0,-1.3542763101797342e-16,1.9105991971843953e-16,0.0,-0.0065503954147944216
18.16,1.7394307088234442,-0.004918012720098989,0.0,8.960357303846691e-16,-0.09368003210945877,-0.010004032604109463,0.04422105196435385,0.0,-9.042400744337631e-17,6.217699211129034e-17,0.0,-0.007569506323699755
18.17,1.8171251196838973,-0.0029407732038076347,0.0,1.612524140063215e-15,-0.08747406613669205,-0.006898676368392022,0.04404717994753322,0.0,-4.702335959110529e-17,-4.488991426735576e-17,0.0,-0.007979279732489152
18.18,1.8723897619180847,-0.0010882568140253917,0.0,2.4107919604815814e-15,-0.0742499194748624,-0.003613976367019332,0.04404947522893432,0.0,-8.685751090466539e-18,-1.253827398690794e-16,0.0,-0.007541770570683514
18.19,1.9062968928368924,0.000484001706194217,0.0,3.2465673450522702e-15,-0.05690950248892279,-0.0004429536380088261,0.04450095847025594,0.0,2.2303754001803697e-17,-1.7787592853858623e-16,0.0,-0.006035865563980959
18.2,1.9204347716983032,0.0016854292151539739,0.0,4.0660542979536245e-15,-0.038017312549311885,0.002380703909827723,0.04564294901782522,0.0,4.4786602500443184e-17,-2.0369638968615578e-16,0.0,-0.003281443381615201
18.21,1.9166249497421672,0.0024821874077927855,0.0,4.810241890821356e-15,-0.019671211401606253,0.004681715065260554,0.04765896789614445,0.0,5.859390917485909e-17,-2.0622519999755705e-16,0.0,0.000835944475696706
18.22,1.8967019580305065,0.002886403018028715,0.0,5.420657279138182e-15,-0.003435339826061293,0.006338403384730782,0.050652464984735364,0.0,6.435192515676241e-17,-1.901671827771128e-16,0.0,0.006342733785006036
18.23,1.8623791611311382,0.002944163985417492,0.0,5.846023727315452e-15,0.009670776937589106,0.007276118798576704,0.05463096946965776,0.0,6.325904724441395e-17,-1.6085909658746018e-16,0.0,0.013160698254730721
18.24,1.8152084179579464,0.0027234590040341356,0.0,6.0488959496513835e-15,0.019136769036765193,0.007460791396715228,0.05949917850704925,0.0,5.68599067927574e-17,-1.2366882536971594e-16,0.0,0.02109953806934628
18.25,1.7566252696572842,0.0023030247386067867,0.0,6.011004126408567e-15,0.02489163088971645,0.0068941149493271375,0.06506316424147984,0.0,4.683693107892942e-17,-8.351891539126947e-17,0.0,0.029862031993120583
18.26,1.6880573006315542,0.0017628066619660844,0.0,5.7360089244711335e-15,0.027212269283432768,0.005611286483433117,0.07104720292834722,0.0,3.4833927470944705e-17,-4.4549867051523753e-17,0.0,0.0390643075704454
18.27,1.611062565639319,0.0011764688082862129,0.0,5.2488977332036045e-15,0.026622432927073895,0.0036815655698518453,0.07712362340099646,0.0,2.2320360200101793e-17,-9.923097263316694e-18,0.0,0.048272346512430196
18.28,1.5274588553524853,0.0006061318292309676,0.0,4.592200869342579e-15,0.023792488730076788,0.0012112354996146506,0.08295446402537505,0.0,1.0499593828920221e-17,1.8248720175149422e-17,0.0,0.057053654295458466
18.29,1.4394042414442627,9.929763414103388e-05,0.0,3.820048670946532e-15,0.019448325394730733,-0.00165207908527252,0.08824157636088321,0.0,2.5983639252378953e-19,3.886477900750975e-17,0.0,0.06504004980110722
18.3,1.349395799582639,-0.0003122547123733042,0.0,2.991408703615204e-15,0.014295195635575918,-0.0047152882338545084,0.09277911233844668,0.0,-7.836954566445883e-18,5.1718489885205805e-17,0.0,0.07199378844692672
18.31,1.2601674153709783,-0.0006119375079381887,0.0,2.163672243272336e-15,0.00895983432292996,-0.00773777651968197,0.09649930172887816,0.0,-1.3535261116485746e-17,5.732643721541763e-17,0.0,0.07786504329005889
18.32,1.1744889791116082,-0.0007965903157841121,0.0,1.3873836520947815e-15,0.003951932009962321,-0.0104333614516104,0.09950032314213803,0.0,-1.6843559746097284e-17,5.673020835598774e-17,0.0,0.08282583563726335
18.33,1.0948949358617959,-0.000873905380933361,0.0,7.025326257180722e-16,-0.00035584343928337443,-0.012478039281406996,0.10204658571738491,0.0,-1.797774448238994e-17,5.1294179627190465e-17,0.0,0.08726745170390009
18.34,1.0233921091762765,-0.0008594438663747731,0.0,1.365261882761929e-16,-0.00373151080295189,-0.013524814829124376,0.10453855863180363,0.0,-1.729835965597855e-17,4.251781516060468e-17,0.0,0.09175747650519368
18.35,0.9612052143726162,-0.0007735934313576457,0.0,-2.9626686003502025e-16,-0.006074295130773692,-0.013226162047237833,0.1074586398459261,0.0,-1.524844592911991e-17,3.1875839615020375e-17,0.0,0.09696510368381088
18.36,0.9086098010879703,-0.0006387475007261213,0.0,-5.936557884181174e-16,-0.007395639492213763,-0.0112636711532923,0.11130582186357074,0.0,-1.2297310555031821e-17,2.0694379977479987e-17,0.0,0.10357179538850199
18.37,0.8648822324948633,-0.00047690709936689014,0.0,-7.637916010235086e-16,-0.007794398778083605,-0.0073832743123376,0.11653228481907996,0.0,-8.893890985243056e-18,1.0066310958038782e-17,0.0,0.1121848995727565
18.38,0.8283740552870419,-0.00030782615618047185,0.0,-8.227209382912468e-16,-0.007429627681979302,-0.0014332059971801155,0.12349114788721641,0.0,-5.4317651650219946e-18,8.049226846061092e-19,0.0,0.12326665070926394
18.39,0.7966995849392695,-0.00014774773581566994,0.0,-7.916799326962546e-16,-0.006493859436212528,0.006599320463887092,0.1323990323968085,0.0,-2.2264080773860017e-18,-6.5681387603373424e-18,0.0,0.13708355278935153
18.4,0.7670120930130534,-8.716720334783645e-06,0.0,-6.94430156436818e-16,-0.0051891133656596766,0.01655768996991653,0.14331123695319703,0.0,4.959046913730542e-19,-1.1806851045285415e-17,0.0,0.15367334080725661
18.41,0.7363351386630166,0.00010159302064318889,0.0,-5.548724438593297e-16,-0.00370715526380947,0.028097230100297188,0.15610291444809976,0.0,2.599038381810522e-18,-1.4904056755969258e-17,0.0,0.17282083187685213
18.42,0.7019106745410086,0.00017963089561003168,0.0,-3.9509998950553543e-16,-0.002214838899572094,0.040683777223683194,0.17045007495081074,0.0,4.029850864691032e-18,-1.604156992781728e-17,0.0,0.19403456301724276
18.43,0.6615241326438803,0.0002254121653932415,0.0,-2.339785684210093e-16,-0.0008447363982224514,0.05361406133234584,0.1858115291839081,0.0,4.805291496063611e-18,-1.553429336774902e-17,0.0,0.21652586043042563
18.44,0.6137685693931888,0.00024176533925087345,0.0,-8.627568047746135e-17,0.00030924193866896117,0.06606067487169547,0.2014230128000052,0.0,4.996093081092379e-18,-1.377450519767809e-17,0.0,0.23920549389269322
18.45,0.5582152004029767,0.00023349174424616345,0.0,3.7693662374446645e-17,0.0011919113084095676,0.07714144254923427,0.2163198471974388,0.0,4.709205035625125e-18,-1.1181155729230175e-17,0.0,0.26071981417148477
18.46,0.4954666110839836,0.00020652957253894933,0.0,1.3197655181771187e-16,0.0017834679927759415,0.08600885442102693,0.2294006249258199,0.0,4.070771702872817e-18,-8.157553301930417e-18,0.0,0.2795429252777662
18.47,0.4270821154947873,0.00016719476790445193,0.0,1.945441616955725e-16,0.0020937513657035465,0.09194984030324269,0.23953366862288128,0.0,3.2110305247443674e-18,-5.05936880421611e-18,0.0,0.2941268507353255
18.48,0.3553824942468048,0.00012154905620278505,0.0,2.2661403798910565e-16,0.0021551216593245774,0.09447996798721164,0.24569434448074792,0.0,2.252045962809386e-18,-2.1735772104055798e-18,0.0,0.3030931199259914
18.49,0.2831621886143266,7.492363323180171e-05,0.0,2.3183968947432084e-16,0.002014870386088662,0.0934114617805757,0.2471087578381336,0.0,1.2987531233362829e-18,2.921336869942058e-19,0.0,0.30543217380067555
18.5,0.213355385197511,3.1607349004603785e-05,0.0,2.154641815145315e-16,0.0017279271733441062,0.08887620960871728,0.2433733933453929,0.0,4.3339508306799565e-19,2.2107740532730856e-18,0.0,0.3006688392300793
18.51,0.14871009150936207,-5.308055717987794e-06,0.0,1.835177125124561e-16,0.0013504391728710948,0.0812963458803389,0.23452461063025284,0.0,-2.8687692189657895e-19,3.530100479349806e-18,0.0,0.28895787457990096
18.52,0.09151721767867531,-3.3945289150325226e-05,0.0,1.4211883975219482e-16,0.0009346008717614807,0.07131127944931731,0.22104366211751378,0.0,-8.29699322040149e-19,4.26138024134897e-18,0.0,0.2710893728458897
18.53,0.04342423123169621,-5.3548939343786616e-05,0.0,9.691767740587708e-17,0.0005249226862988574,0.05968131269988196,0.20379629168220226,0.0,-1.185086574753529e-18,4.4649724884714504e-18,0.0,0.24840190220459493
18.54,0.005343612440295129,-6.431431876295301e-05,0.0,5.26991206240839e-17,0.00015596086854782987,0.047189491205343194,0.18391890121123522,0.0,-1.361572294367271e-18,4.234661736256806e-18,0.0,0.22261886569457864
18.55,-0.022549159019505962,-6.716930410128458e-05,0.0,1.3146520185739434e-17,-0.00014860147755503853,0.034558236182383746,0.16267436205270702,0.0,-1.3815454522294625e-18,3.682378927030526e-18,0.0,0.19563883442640626
18.56,-0.04074352825186964,-6.353819153940341e-05,0.0,-1.9247758073093478e-17,-0.0003757274755855739,0.022390612817526905,0.14130537481100988,0.0,-1.2763601373527808e-18,2.924565535181342e-18,0.0,0.16931760897406056
18.57,-0.05026853202084855,-5.511202727519683e-05,0.0,-4.314833873376538e-17,-0.0005219157932237667,0.011140126744345207,0.12090957740309323,0.0,-1.0816948387256726e-18,2.071026836465119e-18,0.0,0.14527542629840154
18.58,-0.05253658977186147,-4.364413617494425e-05,0.0,-5.82486278660397e-17,-0.0005914902781477811,0.0011081755078196523,0.10235182635751942,0.0,-8.335147025064834e-19,1.2167236161129408e-18,0.0,0.12475165157050791
18.59,-0.04917747715104279,-3.078340920604666e-05,0.0,-6.507962544720267e-17,-0.0005945664221022315,-0.007535263053004728,0.08621995137519699,0.0,-5.64862680219302e-19,4.365993513492828e-19,0.0,0.10851774778492941
18.6,-0.041880274279998984,-1.7951952495317724e-05,0.0,-6.478586595382342e-17,-0.000544940981637516,-0.014714480809900602,0.07282294793778683,0.0,-3.035851454404677e-19,-2.1674633062026833e-19,0.0,0.09685009302306442
18.61,-0.03225671233957532,-6.2684258093300454e-06,0.0,-5.889508021089426e-17,-0.0004581057209003735,-0.020402451037304793,0.06222530169846779,0.0,-7.099342771783434e-20,-7.129362523511927e-19,0.0,0.0895575927044401
18.62,-0.0217345840847274,3.485876729365437e-06,0.0,-4.910308153779077e-17,-0.00034953287895536953,-0.024575074667259337,0.0543077701810772,0.0,1.186195198411476e-19,-1.041774710881152e-18,0.0,0.08605469911772738
18.63,-0.011485300424319436,1.0864263311607588e-05,0.0,-3.708948926919504e-17,-0.00023332496526583387,-0.027172916669213197,0.04884326131426356,0.0,2.5774587160616417e-19,-1.2098715756507041e-18,0.0,0.0854680143905357
18.64,-0.002385672114374834,1.5723181815928908e-05,0.0,-2.4373895750313113e-17,-0.00012127001307869364,-0.02807674742451507,0.04557618934459512,0.0,3.448850737760167e-19,-1.2365093079553046e-18,0.0,0.08676369654629942
18.65,0.004989173855057083,1.817085972266681e-05,0.0,-1.2216508145754089e-17,-2.2299232219825818e-05,-0.027101290501235213,0.04429458912729194,0.0,3.834046564127851e-19,-1.1492748063602093e-18,0.0,0.08888300427442536
18.66,0.010347053646408162,1.8504724479925485e-05,0.0,-1.5625494935219436e-18,5.769057236669286e-05,-0.0240092486895292,0.04488606682781545,0.0,3.802158543206386e-19,-9.798881856419627e-19,0.0,0.09087414615595252
18.67,0.01364074179145568,1.7145426761534473e-05,0.0,6.97397583918106e-18,0.00011571141853302579,-0.018545099562330292,0.04737111109605564,0.0,3.444191348133857e-19,-7.605519673013485e-19,0.0,0.09200986184719516
18.68,0.015017728366969425,1.4573932359836652e-05,0.0,1.3094062960908694e-17,0.00015133051049592844,-0.010485497855773643,0.051910155040758736,0.0,2.8604456135094216e-19,-5.210301895627801e-19,0.0,0.09188166490397467
18.69,0.014764393708970272,1.1276515935208486e-05,0.0,1.6773322685710512e-17,0.00016616773298943355,0.00029941032586520294,0.05878385303471456,0.0,2.1497719801661957e-19,-2.8655873999655895e-19,0.0,0.09046332243017667
18.7,0.013250429185798043,7.700783193608693e-06,0.0,1.8206083595665475e-17,0.0001633197433825121,0.013781651279200885,0.06834911277195803,0.0,1.401224838066321e-19,-7.659402684935081e-20,0.0,0.08813792313411963
18.71,0.010878138719199008,4.224232526927622e-06,0.0,1.774215797261699e-17,0.00014677659210774445,0.029717575745696966,0.08097629445533037,0.0,6.883388235609034e-20,9.566778420647005e-20,0.0,0.08568484447372872
18.72,0.00803989536788227,1.1354646702426755e-06,0.0,1.5823361372896705e-17,0.0001208835110087954,0.047606802196218954,0.09697543343704777,0.0,6.597436693105206e-21,2.2312185888388597e-19,0.0,0.08422515812587852
18.73,0.005085657023954422,-1.3729634505203732e-06,0.0,1.2925397022026658e-17,8.988542223580173e-05,0.06667795861351346,0.11652111369431915,0.0,-4.3053493831025054e-20,3.0408830067548994e-19,0.0,0.0851265976143204
18.74,0.002301189310825372,-3.2018319391676786e-06,0.0,9.509059275218025e-18,5.7576537783210697e-05,0.08590959372886327,0.13958644062131847,0.0,-7.843453448808404e-20,3.413118255275713e-19,0.0,0.08987220147952589
18.75,-0.00010341024150230677,-4.3349534406815435e-06,0.0,5.983057884060726e-18,2.7063490994264396e-05,0.10409142804635498,0.16589612566548947,0.0,-9.946667687292118e-20,3.4078569532511952e-19,0.0,0.09990011503999018
18.76,-0.0019960935948799886,-4.823696609243651e-06,0.0,2.679260441495832e-18,6.38720481261486e-07,0.11992617817903567,0.19490667094616795,0.0,-1.0734365954140156e-19,3.105400269570225e-19,0.0,0.11642565435860874
18.77,-0.003317885987377184,-4.768689779447771e-06,0.0,-1.6010550965214168e-19,-2.024812708824729e-05,0.13216541905510232,0.22581768632168464,0.0,-1.0415828730562188e-19,2.5950807739570067e-19,0.0,0.14026035243773935
18.78,-0.004072557793060249,-4.300800477290917e-06,0.0,-2.384699257387243e-18,-3.493899755731548e-05,0.1397643488035904,0.2576121486809012,0.0,-9.252908396397133e-20,1.9655325304179544e-19,0.0,0.17164593014189614
18.79,-0.004312988815762138,-3.563110399604017e-06,0.0,-3.929796873874818e-18,-4.345778195730853e-05,0.1420305537271224,0.2891151968762825,0.0,-7.525988905003267e-20,1.297080212438997e-19,0.0,0.21012344458580165
18.8,-0.004126122528106887,-2.6951704460705343e-06,0.0,-4.80385388393037e-18,-4.636416650434298e-05,0.13873446278201024,0.3190540699489812,0.0,-5.505522826919333e-20,6.564652881872188e-20,0.0,0.2544586416369879
18.81,-0.003618127044374788,-1.8203783300381545e-06,0.0,-5.0722930682285295e-18,-4.4591474861149975e-05,0.13015161514506005,0.3461033984742696,0.0,-3.43045766384279e-20,9.387663033225093e-21,0.0,0.3026430862051042
18.82,-0.002901017587609797,-1.0369127576707105e-06,0.0,-4.839734194128011e-18,-3.9286061037110536e-05,0.11702396987283897,0.36891480706762386,0.0,-1.493982811865849e-20,-3.579419091388136e-20,0.0,0.3519862614227637
18.83,-0.0020816005510822795,-4.1231074305920905e-07,0.0,-4.232549947896055e-18,-3.1661960429553155e-05,0.10045207181146545,0.38614960536376247,0.0,1.6370349986689289e-21,-6.828681189469344e-20,0.0,0.39930586643334764
18.84,-0.0012532132779957041,1.8496971375179543e-08,0.0,-3.3832052448801968e-18,-2.2880272400079033e-05,0.0817470929582176,0.3965421730842995,0.0,1.4564588727326128e-20,-8.792972115266322e-20,0.0,0.4412114775222096
18.85,-0.0004903882677389339,2.5207007999258855e-07,0.0,-2.417372831229207e-18,-1.3958582632277447e-05,0.06227439688193031,0.3990116622067367,0.0,2.3483044264089074e-20,-9.572118598673346e-20,0.0,0.47446023768256657
18.86,0.0001537127146316857,3.1276015965832263e-07,0.0,-1.4443651817400876e-18,-5.711987693721212e-06,0.04331314445486294,0.3928164263700812,0.0,2.845964627665264e-20,-9.348576092392602e-20,0.0,0.49634292736208796
18.87,0.0006474585689257537,2.4698735556561536e-07,0.0,-5.510184014541349e-19,1.2758029644123967e-06,0.025947038814564435,0.37772035890104116,0.0,2.98924689240098e-20,-8.353981463090126e-20,0.0,0.5050390594973325
18.88,0.0009789996700720984,1.1606734282988806e-07,0.0,2.0116673167189521e-19,6.655110172338812e-06,0.010993101098975867,0.3541245306005988,0.0,2.8405599749094627e-20,-6.838474681943845e-20,0.0,0.49987086524681146
18.89,0.001153167341418235,-1.1845258009615353e-08,0.0,7.760649507273689e-19,1.029197086330235e-05,-0.001030989359432773,0.32311984637909597,0.0,2.474670803165512e-20,-5.0448893088224847e-20,0.0,0.48139885171044444
18.9,0.0011875786905612546,-7.015028040088459e-08,0.0,1.1607398342085887e-18,1.2234861958413606e-05,-0.009904999473541426,0.28643725982713003,0.0,1.9695459683407018e-20,-3.189041265469979e-20,0.0,0.45133647342830624
18.91,0.0011084536844508087,-2.0041872096997538e-09,0.0,1.3616914351819335e-18,1.2672483341483289e-05,-0.015676564381996234,0.24630184448387019,0.0,1.3988501578461813e-20,-1.4465515382630038e-20,0.0,0.41230564774421985
18.92,0.0009465675621644466,2.3218500315212095e-07,0.0,1.4001960571491285e-18,1.1888116039938204e-05,-0.018612200212513547,0.20522182929347513,0.0,8.264077406390139e-21,5.402563717436366e-22,0.0,0.3674899427483872
18.93,0.0007336586191675251,6.484805758763687e-07,0.0,1.3073359044315372e-18,1.0215194778307549e-05,-0.01913738563733064,0.16575366387173238,0.0,3.0269710496670113e-21,1.2325011933896448e-20,0.0,0.3202553048682266
18.94,0.0004995023375012341,1.234863240671942e-06,0.0,1.1192167280005332e-18,7.997642732380801e-06,-0.017773492354957933,0.13027921270890663,0.0,-1.367453095442791e-21,2.0538413681762347e-20,0.0,0.27379944809695456
18.95,0.00026975881375971363,1.948890244695497e-06,0.0,8.727496377671726e-19,5.557353557241349e-06,-0.01507803686266539,0.10081895110565416,0.0,-4.712754826044742e-21,2.5216840404292482e-20,0.0,0.2308711997847307
18.96,6.460971869867766e-05,2.7180162616662834e-06,0.0,6.022444273436831e-19,3.1700902145429797e-06,-0.011593079731005587,0.0788930097272799,0.0,-6.937991454330467e-21,2.6698412247777728e-20,0.0,0.19358064028118607
18.97,-0.00010187104842931164,3.4429429970332754e-06,0.0,3.369388446790213e-19,1.0500905347178834e-06,-0.007804848582443224,0.0654331006567511,0.0,-8.085270044995466e-21,2.552957485534533e-20,0.0,0.16330428004688713
18.98,-0.0002217197295525979,4.004227447183317e-06,0.0,9.94807871184814e-20,-6.57117049100832e-07,-0.004115994657260086,0.0607429087616262,0.0,-8.28215150408832e-21,2.237320512792032e-20,0.0,0.14067745053257683
18.99,-0.0002925944326689939,4.272176588443958e-06,0.0,-9.470545370057432e-20,-1.8747506357644176e-06,-0.0008304463620145859,0.0645018831201812,0.0,-7.712410973391267e-21,1.7925960783011427e-20,0.0,0.125658239771653
19.0,-0.0003169427839959469,4.119785952802374e-06,0.0,-2.3729910770665664e-19,-2.589073801926663e-06,0.001850318234584702,0.07580680434450533,0.0,-6.58806167294385e-21,1.2850153485759137e-20,0.0,0.11764317162295734
19.01,-0.00030096626792357965,3.4381474716146144e-06,0.0,-3.2637592474436886e-19,-2.839511027194639e-06,0.003821555620366262,0.09324623613288267,0.0,-5.1248238764540115e-21,7.723037326194803e-21,0.0,0.11561376117365706
19.02,-0.0002535043220546573,2.15337565120315e-06,0.0,-3.652953826702934e-19,-2.706114911525162e-06,0.005062527753560587,0.11500416652210683,0.0,-3.522457706337471e-21,3.0042683462834362e-21,0.0,0.11829435821580674
19.03,-0.0001849361667447595,2.437099585749492e-07,0.0,-3.613586211884241e-19,-2.2957794609263946e-06,0.0056193315188715716,0.13899000987822713,0.0,-1.950652626076444e-21,-9.794596214335091e-22,0.0,0.12430458886525576
19.04,-0.0001061702054330051,-2.244914035434636e-06,0.0,-3.2439478668778706e-19,-1.728376735529294e-06,0.005585739757240095,0.16299195998561367,0.0,-5.405335560105416e-22,-4.034890689835872e-21,0.0,0.13229354532769208
19.05,-2.7763453773153698e-05,-5.186821585729402e-06,0.0,-2.6540532171063844e-19,-1.1237441846575033e-06,0.005084190986475402,0.18484886977285175,0.0,6.186607891387436e-22,-6.090901489954818e-21,0.0,0.14104707123343763
19.06,4.0810125215700104e-05,-8.370238109643504e-06,0.0,-1.9536294825611539e-19,-5.902032319548428e-07,0.0042486192510965,0.20263196411977638,0.0,1.4785305041727553e-21,-7.178895924717876e-21,0.0,0.1495635766426475
19.07,9.174120481466596e-05,-1.1498734274053905e-05,0.0,-1.242287632740008e-19,-2.1507284878206688e-07,0.003210304619301585,0.2148215466115334,0.0,2.027113780018479e-21,-7.408371670810351e-21,0.0,0.15709744908018033
19.08,0.00011932618134406333,-1.4202329864486289e-05,0.0,-6.022021110184335e-20,-5.747083566538787e-08,0.0020874055627997327,0.22045598058308216,0.0,2.2822273187534224e-21,-6.940818401407505e-21,0.0,0.1631720846961846
19.09,0.00012028109727716307,-1.605956231639243e-05,0.0,-9.336948954813079e-21,-1.4357518652323674e-07,0.0009783529744976337,0.21922412357221302,0.0,2.2836085784660835e-21,-5.964585400966515e-21,0.0,0.16756674099116178
19.1,9.393930611665025e-05,-1.663098553256049e-05,0.0,2.4868008415385327e-20,-4.644430746140108e-07,-4.112410585074719e-05,0.21147564363131943,0.0,2.084801093054614e-21,-4.672713518995647e-21,0.0,0.170282800414164
19.11,4.233675947436538e-05,-1.5503443862110705e-05,0.0,4.129771234710462e-20,-9.76442379334225e-07,-0.0009178871374435243,0.19814118690657276,0.0,1.745547528522276e-21,-3.245044993305104e-21,0.0,0.17149569768479975
19.12,-2.9820699258726754e-05,-1.2343112742614708e-05,0.0,4.1134463568128057e-20,-1.6043214591367997e-06,-0.0016189493504577108,0.18057903960464056,0.0,1.3252489662883498e-21,-1.8352723961513138e-21,0.0,0.17149881787481097
19.13,-0.00011532317874965045,-6.953798731466352e-06,0.0,2.7512491715546235e-20,-2.2469058229992238e-06,-0.0021275753185220976,0.16038184923514764,0.0,8.778374505264608e-22,-5.630157532814123e-22,0.0,0.17064525791620533
19.14,-0.00020477792825407564,6.64525161679191e-07,0.0,5.075062885565502e-21,-2.7853450780404925e-06,-0.0024387940479129407,0.13917898387745972,0.0,4.482117274808976e-22,4.894420913800132e-22,0.0,0.16929260641901692
19.15,-0.00028711038041837685,1.026334377933232e-05,0.0,-2.055163094753635e-20,-3.0937237637573275e-06,-0.0025551249449430637,0.11846216725730954,0.0,7.021756026356683e-23,1.2764613143803925e-21,0.0,0.167754968024176
19.16,-0.00035026526375991874,2.130681145517104e-05,0.0,-4.333830933157034e-20,-3.0516862080941683e-06,-0.0024831709586481928,0.0994517355996305,0.0,-2.3397726501642235e-22,1.7852902049428525e-21,0.0,0.16626544748887348
19.17,-0.00038211597110105394,3.295446703335903e-05,0.0,-5.745860872223092e-20,-2.558508569499773e-06,-0.0022315372307593817,0.08301180280531782,0.0,-4.533535102769109e-22,2.0302255467760087e-21,0.0,0.1649512936379952
19.18,-0.0003715703684389568,4.4073110956477306e-05,0.0,-5.789390335596047e-20,-1.5477919612311078e-06,-0.0018103059405823441,0.06961545840648996,0.0,-5.866471381542658e-22,2.045640379637994e-21,0.0,0.16382293120662586
19.19,-0.0003098340679464965,5.328432758350231e-05,0.0,-4.1007785852253076e-20,-1.6716953089134862e-09,-0.0012320580030222102,0.059355830938464714,0.0,-6.403967325394488e-22,1.878729007864962e-21,0.0,0.16277719842374044
19.2,-0.0001917598131213138,5.905192552847932e-05,0.0,-5.057506332603404e-21,2.0368272541678736e-06,-0.0005141986907564306,0.05199528567960148,0.0,-6.267208845447471e-22,1.5826641268419294e-21,0.0,0.16161425786871242
19.21,-1.7177096405030275e-05,5.981029068088746e-05,0.0,4.939482094572434e-20,4.454867209592504e-06,0.0003178648851813565,0.04704296415233413,0.0,-5.610772137087849e-22,1.210677898090868e-21,0.0,0.16006684390244608
19.22,0.00020793648809629597,5.4130377672372825e-05,0.0,1.1921261891984124e-19,7.065990737608643e-06,0.0012273142966368986,0.04385003862911958,0.0,-4.602030735845491e-22,8.113896731131514e-22,0.0,0.15783973681834937
19.23,0.00047060654105820316,4.091501372755011e-05,0.0,1.9860054380063668e-19,9.613066028516543e-06,0.00216300923637425,0.04171215944061339,0.0,-3.4037977659242923e-22,4.255256890556329e-22,0.0,0.1546566056784495
19.24,0.000750514130893697,1.9609704766972048e-05,0.0,2.7924789641583437e-19,1.1779378941331114e-05,0.0030578477688373044,0.03996934414658399,0.0,-2.1610385551501045e-22,8.402347658362744e-23,0.0,0.15031065000543534
19.25,0.001020324252072589,-9.590289784863462e-06,0.0,3.50735703753832e-19,1.3208797387845446e-05,0.0038291297565918618,0.0380947641970031,0.0,-9.919558494499109e-23,-1.9260595559095375e-22,0.0,0.14471482984030204
19.26,0.0012468410652198383,-4.556059129968231e-05,0.0,4.0123046397699294e-19,1.3535226099980062e-05,0.004381529337245183,0.03576535102381581,0.0,1.669681968962925e-24,-3.9386834816701295e-22,0.0,0.1379469643552354
19.27,0.0013930913206729868,-8.612337920497866e-05,0.0,4.1846736527938087e-19,1.2420635320097322e-05,0.004613067764375193,0.03290875570016024,0.0,8.105576239484499e-23,-5.180862654294268e-22,0.0,0.13028468463011567
19.28,0.0014213625228040158,-0.00012800666766195167,0.0,3.9099846012855574e-19,9.599827823233484e-06,0.004424180917010776,0.029722898790708687,0.0,1.3655641693401704e-22,-5.706811697519678e-22,0.0,0.12222524596437769
19.29,0.0012971234813914873,-0.00016691411904922628,0.0,3.0964786279146903e-19,4.928880318758653e-06,0.0037296100190716726,0.026666130758488966,0.0,1.6836514694390396e-22,-5.621974327935278e-22,0.0,0.11448564341382383
19.3,0.0009936366548889478,-0.00019772728816153538,0.0,1.6907870167916378e-19,-1.5670335888552778e-06,0.0024724323416867346,0.024417907489677076,0.0,1.787084104714276e-22,-5.062958328249247e-22,0.0,0.1079794242484453
19.31,0.0004969422979135451,-0.00021485336432779207,0.0,-3.066141990551744e-20,-9.651822503756785e-06,0.0006391230659321997,0.023811894879926798,0.0,1.7122075747098715e-22,-4.1789863190787643e-22,0.0,0.10376811604775463
19.32,-0.00018923450594100945,-0.00021271883372037914,0.0,-2.827840227661632e-19,-1.884883406190995e-05,-0.0017258588461258135,0.025745556768304464,0.0,1.5032886618697493e-22,-3.1161654518096257e-22,0.0,0.10298730240225594
19.33,-0.0010392166571481622,-0.00018639340054048858,0.0,-5.72785570005118e-19,-2.8429887735748723e-05,-0.004507790632654174,0.031072515138909435,0.0,1.206965167287033e-22,-2.0053567789899741e-22,0.0,0.10675002281663974
19.34,-0.0020023922437812864,-0.00013230984674225096,0.0,-8.780600598294354e-19,-3.742917097231604e-05,-0.00751373585732566,0.0404862016248241,0.0,8.676619807019066e-23,-9.53944829369927e-23,0.0,0.11603320505346423
19.35,-0.0030021926759580824,-4.902565626912423e-05,0.0,-1.1682948192202644e-18,-4.468710419378518e-05,-0.010470962507182453,0.0544053706598773,0.0,5.241703609854618e-23,-4.140294721244956e-24,0.0,0.13155601242879292
19.36,-0.0039376734369666625,6.204693472481153e-05,0.0,-1.406813719894759e-18,-4.892733925988468e-05,-0.013033552592930446,0.07287366257066157,0.0,2.0744384186715522e-23,6.8176021903973e-23,0.0,0.153661955741104
19.37,-0.00468822327912784,0.00019603196275577332,0.0,-1.5529727092939986e-18,-4.886723998648149e-05,-0.014798550066521412,0.09548625990147729,0.0,-6.045361735856016e-24,1.1922959727398495e-22,0.0,0.18221892839538487
19.38,-0.00512172188965116,0.0003442018987545985,0.0,-1.5656252940715227e-18,-4.3358579613393747e-05,-0.015332239810832832,0.12135638370639165,0.0,-2.663988622024068e-23,1.4904851664130486e-22,0.0,0.21655243574800934
19.39,-0.005106168944475473,0.000493913291684641,0.0,-1.407562562075634e-18,-3.1550965838125374e-05,-0.01420613105164027,0.1491325071777814,0.0,-4.0546730111851046e-23,1.5951371097772257e-22,0.0,0.2554266063454037
19.4,-0.004524427441431197,0.0006289597704809266,0.0,-1.0506990862161568e-18,-1.3065974621647176e-05,-0.011040979203674398,0.17707330322344225,0.0,-4.7962998343829953e-23,1.538024311867308e-22,0.0,0.29708446912061104
19.41,-0.0032912810429768465,0.0007304151158042748,0.0,-4.816319977955368e-19,1.1834439078299136e-05,-0.005555804505189302,0.2031811160298632,0.0,-4.9612263292365284e-23,1.3583595354707888e-22,0.0,0.3393528521512186
19.42,-0.001371530877234669,0.0007780041949861303,0.0,2.929412442650654e-19,4.2105460394991205e-05,0.002382522180945254,0.22538586786326115,0.0,-4.656987857243283e-23,1.0977896681679894e-22,0.0,0.3798075707859335
19.43,0.0012026042241374344,0.0007519910687785291,0.0,1.2415839599371332e-18,7.582561600336334e-05,0.012714793225103204,0.24176010724730462,0.0,-4.0094445696971235e-23,7.962353169954519e-23,0.0,0.41598156053938146
19.44,0.00431691460560567,0.000635513269775668,0.0,2.304983565421565e-18,0.00011017511414207456,0.025156634266981868,0.2507352762893259,0.0,-3.147888490200142e-23,4.8876143936076056e-23,0.0,0.44558591552930393
19.45,0.007765850939041846,0.0004172226424810189,0.0,3.395069360217394e-18,0.00014150806808801278,0.0391842087252174,0.2512856903402189,0.0,-2.193000042755974e-23,2.0353487729125477e-23,0.0,0.4667097989145126
19.46,0.011250872586795834,9.402161357425255e-05,0.0,4.397090744089426e-18,0.0001655357633270669,0.054044859294072725,0.24305442495145518,0.0,-1.248105597188178e-23,-3.918229604890561e-24,0.0,0.47797526652444705
19.47,0.014388792862415139,-0.00032638351294119437,0.0,5.175225396708916e-18,0.00017763040858382472,0.06879759503512246,0.22640855497107917,0.0,-3.938031401881677e-24,-2.2713457289127808e-23,0.0,0.47863915541184354
19.48,0.016731952786982997,-0.0008234450585358169,0.0,5.582051566707598e-18,0.00017324797112130578,0.08238563011774162,0.2024199571782664,0.0,3.1428584337743846e-24,-3.554524155763885e-23,0.0,0.4686425630435453
19.49,0.01780126714428766,-0.0013626171624919635,0.0,5.4718841388679856e-18,0.00014845510376478856,0.09373913038219503,0.17277224338523955,0.0,8.451026831966026e-24,-4.255163780316972e-23,0.0,0.44860892494642
19.5,0.017132083614664284,-0.0018954447153488362,0.0,4.7175514972970136e-18,0.00010052959546084869,0.10190086013826491,0.13960273519737929,0.0,1.1896752152164235e-23,-4.435143547940413e-23,0.0,0.419795398806725
19.51,0.014331418757146185,-0.0023612227502654085,0.0,3.229703107393502e-18,2.8587416242309205e-05,0.1061605655359153,0.10530127797616017,0.0,1.3572318618626205e-23,-4.188831520145591e-23,0.0,0.38400987643118356
19.52,0.009143566890550233,-0.002690463780414128,0.0,9.772235386279044e-19,-6.582611297002726e-05,0.10617624943631446,0.07229568292470971,0.0,1.370544389542743e-23,-3.6279526373049036e-23,0.0,0.343505524497056
19.53,0.001519446749345557,-0.0028102735297605786,0.0,-1.9931622148735356e-18,-0.0001782562697808791,0.10205489128910886,0.04285115853487577,0.0,1.2610701520097967e-23,-2.8681375356823487e-23,0.0,0.3008528962107812
19.54,-0.008316475170048953,-0.002651550468950929,0.0,-5.540413357745575e-18,-0.00030105309131157947,0.09436777253770723,0.018902232180702402,0.0,1.0643614540874863e-23,-2.0179743441166893e-23,0.0,0.25878026184294317
19.55,-0.019809064368357544,-0.0021576991537749887,0.0,-9.418401943858273e-18,-0.00042336356853472543,0.08409033061044878,0.0019264829130309067,0.0,8.16087382949793e-24,-1.170992459601363e-23,0.0,0.21997961983190653
19.56,-0.03203327130749411,-0.0012942956899891658,0.0,-1.3273449475157011e-17,-0.0005314773156935424,0.07247749193636512,-0.007137349870553795,0.0,5.488868005293186e-24,-4.006599263833251e-24,0.0,0.18689436326089742
19.57,-0.04368076994773993,-5.8886506256195173e-05,0.0,-1.6652518770601688e-17,-0.0006095821540277838,0.06090054612000648,-0.007928375011627723,0.0,2.901521808525137e-24,2.4180500767932603e-24,0.0,0.16151821816048575
19.58,-0.053079497076699796,0.0015101340589593172,0.0,-1.9023817247810363e-17,-0.0006409556844697042,0.05067486449319431,-0.0006629699218464461,0.0,6.07414110603369e-25,7.272117378505454e-24,0.0,0.14523508719181966
19.59,-0.05825103965602544,0.003326804337437061,0.0,-1.9810618973959375e-17,-0.0006095775209621192,0.04290295975337293,0.013901855620554121,0.0,-1.2546594542349145e-24,1.0462937844275995e-23,0.0,0.1387204892558166
19.6,-0.05700764202461405,0.0052543660973952706,0.0,-1.8437818382081867e-17,-0.0005020960505705557,0.038350482643631965,0.03453813940280529,0.0,-2.6130768485601757e-24,1.20630589701928e-23,0.0,0.14191492556277835
19.61,-0.047086415936003344,0.0071068314504508096,0.0,-1.438914415710438e-17,-0.0003100264974348714,0.03736644860426321,0.05964714385650971,0.0,-3.45545186280718e-24,1.2268944277830047e-23,0.0,0.15407073443301783
19.62,-0.02631339162414648,0.00865647555563814,0.0,-7.271193718899797e-18,-3.1998348033257346e-05,0.03985361382361914,0.08738713639124543,0.0,-3.8171899541757174e-24,1.1357561356306685e-23,0.0,0.17386660021379052
19.63,0.007215204235023269,0.009648038107100947,0.0,3.12134295931042e-18,0.00032418407217515386,0.04529025988291925,0.11582404448171212,0.0,-3.768281065538265e-24,9.645101694791672e-24,0.0,0.19957696956412416
19.64,0.05495196082518097,0.0098198930768576,0.0,1.6746504037847575e-17,0.0007399466756890263,0.0528004132095443,0.143096391679531,0.0,-3.399858399525593e-24,7.450995137770579e-24,0.0,0.22927634279378376
19.65,0.11773878654419169,0.008931757415797317,0.0,3.327030953121087e-17,0.0011851182096452707,0.06126540138074454,0.1675799952705671,0.0,-2.8117492315237924e-24,5.069249745996377e-24,0.0,0.2610504464734483
19.66,0.19569149567038205,0.0067976886248527,0.0,5.2045251064365247e-17,0.001618167963812197,0.06946532227123789,0.18803184387773578,0.0,-2.101897689756804e-24,2.748077490617074e-24,0.0,0.2931798539448483
19.67,0.28814892169694545,0.0033222252727627922,0.0,7.21201874739994e-17,0.001987767710689155,0.07623420947333923,0.2036909666566504,0.0,-1.3581894621884541e-24,6.778381573506355e-25,0.0,0.32426238573411353
19.68,0.39369993128206526,-0.0014633656025024558,0.0,9.228783621592618e-17,0.0022358594269137593,0.08060758854563557,0.21432030623707113,0.0,-6.528860497125168e-25,-1.0134008121969202e-24,0.0,0.3532525510871041
19.69,0.5102886585681383,-0.007368552878684838,0.0,1.111724607831138e-16,0.0023022917931151098,0.08193778794618993,0.22018517459235173,0.0,-3.9603845829038824e-26,-2.2579087105167456e-24,0.0,0.3794155540290407
19.7,0.6353805108289563,-0.014019094128145353,0.0,1.2735495583484766e-16,0.0021309311024405387,0.07995545762026919,0.22197618053570475,0.0,4.474357511643547e-25,-3.041462057333929e-24,0.0,0.40221322963918704
19.71,0.766155420785766,-0.020845263382390733,0.0,1.3952521716947647e-16,0.001676963082207637,0.07476823833411168,0.22069609308255939,0.0,7.922998756987916e-25,-3.393267944074254e-24,0.0,0.42115720572287707
19.72,0.8996901013314891,-0.027087085524385313,0.0,1.4664274997583236e-16,0.0009148937239846563,0.06680463182961656,0.21753884481923466,0.0,9.948708553897617e-25,-3.374207516919722e-24,0.0,0.43567735603169316
19.73,1.0331020869095022,-0.03182009371021328,0.0,1.4807793856270084e-16,-0.00015345251026697453,0.0567231244673032,0.21378902537020913,0.0,1.067511594063927e-24,-3.064783075260665e-24,0.0,0.4450531957783921
19.74,1.16364882613747,-0.034003694304300607,0.0,1.4370333203865283e-16,-0.0014918268505478313,0.04530881798548062,0.2107588699215339,0.0,1.031343734814255e-24,-2.553886494771605e-24,0.0,0.44843821565952247
19.75,1.2887935310261875,-0.03255217592940618,0.0,1.3391215942113453e-16,-0.0030243722983774317,0.0333753693534973,0.2097609428365109,0.0,9.125462927232417e-25,-1.929199530864734e-24,0.0,0.4449776583857865
19.76,1.4062578019394572,-0.026425810452583617,0.0,1.1955952961085208e-16,-0.004633454168585719,0.021683836013454864,0.21209562829739986,0.0,7.389944286083471e-25,-1.2697235978507092e-24,0.0,0.43398872710196607
19.77,1.51407689222273,-0.014736527938651572,0.0,1.0184191479645077e-16,-0.006161556193793821,0.010884406300966222,0.21902110091489008,0.0,5.374606501860913e-25,-6.406463774598053e-25,0.0,0.4151497198227
19.78,1.6106594155816036,0.0031404329161604165,0.0,8.214292705423879e-17,-0.007418123932916108,0.0014824560422755757,0.23167735028252615,0.0,3.3150448110708118e-25,-9.050555567303939e-26,0.0,0.3886420612986102
19.79,1.6948373214163794,0.027460329284124792,0.0,6.187480352612445e-17,-0.008191924348658567,-0.006173031637401593,0.25095655744965734,0.0,1.400897154098989e-25,3.4958155246172485e-25,0.0,0.35520957054715524
19.8,1.7658847768437789,0.058021729048556105,0.0,4.233875100598797e-17,-0.008269030123339129,-0.01188292957942526,0.2773397726782614,0.0,-2.3103587916179104e-26,6.649849131129707e-25,0.0,0.3161305350286537
19.81,1.8234912031300403,0.09411277198248746,0.0,2.4618483826266202e-17,-0.007455940919442403,-0.015578798487657839,0.3107389359126295,0.0,-1.4975908313684344e-25,8.553599398879431e-25,0.0,0.2731209736227935
19.82,1.867688781673425,0.13450435887256615,0.0,9.513168547782043e-18,-0.005606650774788312,-0.01729689473275048,0.3503856707470292,0.0,-2.3651768573962544e-25,9.31631350204876e-25,0.0,0.2281924730490751
19.83,1.8987485678464213,0.17750035271015144,0.0,-2.49034992957371e-18,-0.0026517101759018233,-0.01715072785187778,0.39479846931541557,0.0,-2.842231492285488e-25,9.125938086140519e-25,0.0,0.18348265298138572
19.84,1.9170662717706333,0.2210484527194684,0.0,-1.1210631908404683e-17,0.0013734185100175748,-0.015306537079426212,0.4418463954883726,0.0,-2.9695930548300957e-25,8.215052886385489e-25,0.0,0.14107341891453462
19.85,1.923058869015695,0.2629056457463439,0.0,-1.6737376354179153e-17,0.006304067284740349,-0.011964674456062797,0.48891208632664523,0.0,-2.8100730744912328e-25,6.829736391404352e-25,0.0,0.10281487467257623
19.86,1.9170890495846125,0.30084007384404204,0.0,-1.9378411972585988e-17,0.011829945751523572,-0.0073483155059956414,0.5331368373882445,0.0,-2.4383107187736077e-25,5.203518857333814e-25,0.0,0.07017493237662754
19.87,1.8994282197068273,0.3328405497465938,0.0,-1.9596623793636055e-17,0.01749058182392313,-0.0016993505784896968,0.5717092472044127,0.0,-1.9317376747311683e-25,3.5377253141866605e-25,0.0,0.0441316563598257
19.88,1.8702613931932208,0.3573012215624213,0.0,-1.7944672173666472e-17,0.022686374833027167,0.004720090866316302,0.6021470524236392,0.0,-1.3632095160473987e-25,1.9887269209181487e-25,0.0,0.025118517586879042
19.89,1.829729582660197,0.37315457958950354,0.0,-1.5003951003680235e-17,0.02670832213489435,0.011623115233774213,0.6225263836046478,0.0,-7.955961098456891e-26,6.619522491384921e-26,0.0,0.013025148207909058
19.9,1.7779981948240888,0.3799380517975837,0.0,-1.133250956412521e-17,0.028788272543782228,0.018693812296567445,0.6316295513651815,0.0,-2.7839025676343515e-26,-3.880117640387142e-26,0.0,0.007249649624481175
19.91,1.7153345980702566,0.37779224391530863,0.0,-7.42486425975019e-18,0.028169837925566814,0.025586643591608803,0.6290019916964777,0.0,1.5379542849617747e-26,-1.152268040176377e-25,0.0,0.006793639523817734
19.92,1.6421756773746798,0.36739884541019824,0.0,-3.6849387530417655e-18,0.024197915525440608,0.03193231362820342,0.6149246587453631,0.0,4.811111833130423e-26,-1.658667845859059e-25,0.0,0.010388026961493354
19.93,1.559168220495183,0.3498726536245317,0.0,-4.119263679694113e-19,0.016422262300383166,0.03735177159296036,0.5903183726001823,0.0,6.970853071606013e-26,-1.9604340824585499e-25,0.0,0.016635558511736932
19.94,1.467172972197601,0.3266256992903148,0.0,2.202252913505474e-18,0.004707913669952472,0.04147811499542522,0.5566021001225628,0.0,8.063612009375084e-26,-2.123692167677564e-25,0.0,0.024154914466673946
19.95,1.367237422026328,0.2992228084151483,0.0,4.065994345924135e-18,-0.010657284542318695,0.04398374819124421,0.5155288991549566,0.0,8.219400581326412e-26,-2.2151596667518737e-25,0.0,0.03171023453347169
19.96,1.2605579806347451,0.269247185246513,0.0,5.174059574393226e-18,-0.028869841675615116,0.04460796173480524,0.469021968629713,0.0,7.622751247428307e-26,-2.2910979338846697e-25,0.0,0.03831018942719399
19.97,1.148457965269873,0.23819090687176725,0.0,5.589252197949444e-18,-0.04854557753386363,0.043179790361228036,0.4190290512101554,0.0,6.485032763339971e-26,-2.3884442923933863e-25,0.0,0.04326435240632136
19.98,1.0323956686198235,0.2073781968523361,0.0,5.422182455527146e-18,-0.06769558623932703,0.03963366199089419,0.3674066696636857,0.0,5.0202720466524954e-26,-2.518835649887927e-25,0.0,0.046193080140421755
19.99,0.913993888338937,0.17792103849299187,0.0,4.811247582738949e-18,-0.08375508020817697,0.034019450739601664,0.3158379891497157,0.0,3.425857041421788e-26,-2.666012168932138e-25,0.0,0.046997629276927286
20.0,0.7950659093496881,0.150700633099604,0.0,3.9044982790900594e-18,-0.09367393339895223,0.02651092651950787,0.2657818855773533,0.0,1.86877743120856e-26,-2.78685611887688e-25,0.0,0.04580442334991651
20.01,0.6776121233923615,0.1263661581274475,0.0,2.8445530627741043e-18,-0.09407289637316878,0.017415775574673463,0.2184473464450082,0.0,4.774363690213596e-27,-2.8160765884676213e-25,0.0,0.042898651861292554
20.02,0.5637716289470139,0.10534328316869679,0.0,1.757217216472052e-18,-0.08146292426661685,0.007187510104377882,0.17478626929576702,0.0,-6.614282838026481e-27,-2.6742946828592666e-25,0.0,0.03865946683291448
20.03,0.45572640876313886,0.08784731161425555,0.0,7.440054490506685e-19,-0.05251720255449926,-0.0035635571268402833,0.1354981902757042,0.0,-1.501524371638584e-26,-2.279017046980183e-25,0.0,0.03350466906750671
20.04,0.3555681562141446,0.07389868141989589,0.0,-1.2161228369197622e-19,-0.004376928039979908,-0.01406559786605018,0.10104191396328328,0.0,-2.0325033700162403e-26,-1.5577128395649656e-25,0.0,0.027848358721838433
20.05,0.2651477458184566,0.06334127009140968,0.0,-7.947070520227158e-19,0.06503632191572384,-0.023393540669715177,0.07165099868707986,0.0,-2.2732641605892524e-26,-4.619412372682588e-26,0.0,0.022071256704822503
20.06,0.18593224910061293,0.0558657213185351,0.0,-1.2567791823697479e-18,0.1567354191421965,-0.030496851537961795,0.0473520071204133,0.0,-2.264112875816307e-26,1.0187692507257408e-25,0.0,0.016501142395909742
20.07,0.11889241103163233,0.05104021607790162,0.0,-1.5117776271542871e-18,0.2704469082569956,-0.034251237434958434,0.027985799072676818,0.0,-2.05870704610153e-26,2.84478727995789e-25,0.0,0.0114006457687355
20.08,0.06443613052232013,0.048349929834038956,0.0,-1.580995852807871e-18,0.4044902080113704,-0.03353516464689495,0.013232689105024327,0.0,-1.7165348418458788e-26,4.91760998857292e-25,0.0,0.006960788875266199
20.09,0.022394672388552764,0.04724466012733247,0.0,-1.4975296058887167e-18,0.555784220764082,-0.027328164282535893,0.002642091285245701,0.0,-1.2964745703111752e-26,7.076087834268971e-25,0.0,0.0032997303640087284
20.1,-0.00793937694726024,0.04719237381184268,0.0,-1.300874844500309e-18,0.7199939435463067,-0.014824256674755953,-0.004333519824772036,0.0,-8.517697251917453e-27,9.099135569045805e-25,0.0,0.0004663826570647567
20.11,-0.027729748159634734,0.04773486335206249,0.0,-1.0321092468614418e-18,0.8918104361589014,0.004449450335820755,-0.008301626274550614,0.0,-4.2656006021298595e-27,1.0716110894326297e-24,0.0,-0.001551740834810711
20.12,-0.03848191124217186,0.04854044360758488,0.0,-7.299556637859292e-19,1.0653380959036813,0.03052181720332359,-0.009891952684186191,0.0,-5.394324115773577e-28,1.1625537352423182e-24,0.0,-0.002817448764902183
20.13,-0.04191110525357033,0.04944790455497934,0.0,-4.278854756113208e-19,1.2345477421978917,0.06288935523588751,-0.009720776991768357,0.0,2.445869673347959e-27,1.152214621761138e-24,0.0,-0.003430797379414422
20.14,-0.039807922672471775,0.050495922988582874,0.0,-1.5229532850476261e-19,1.3937448843709688,0.10046634185699406,-0.008359869867449219,0.0,4.58567939112387e-27,1.0131331991938057e-24,0.0,-0.003515326124264661
20.15,-0.03391448352047028,0.05193285536946627,0.0,7.831032956022544e-20,1.5380004429768193,0.14158805420782775,-0.0063120666120134155,0.0,5.871509480973163e-27,7.249101569001497e-25,0.0,-0.00320482190758667
20.16,-0.0258210726773358,0.05420326552296719,0.0,2.532722395292323e-19,1.6634962240613091,0.1840780961275687,-0.003994652766197556,0.0,6.371421195026004e-27,2.7845200415541137e-25,0.0,-0.0026316102091384582
20.17,-0.016889427555206924,0.05790966653394747,0.0,3.6905194277523713e-19,1.7677494461488596,0.2253839114940123,-0.0017308823754284659,0.0,6.207876498457801e-27,-3.1993841381192754e-25,0.0,-0.0019170766344653702
20.18,-0.008205217534969167,0.0637507090556817,0.0,4.280368131740015e-19,1.8496983022700562,0.2627744135017384,0.00025082680848881474,0.0,5.535512546455493e-27,-1.0451172114098982e-24,0.0,-0.0011648062267922477
20.19,-0.00055904994606613,0.07244011811021879,0.0,4.370787439326655e-19,1.9096505871483547,0.2935820761874441,0.0018110859478339336,0.0,4.52080039670719e-27,-1.8508503459057815e-24,0.0,-0.00045642998586826057
20.2,0.005547185002601298,0.08461340804947716,0.0,4.0595082347964677e-19,1.949115259396312,0.31546343342322203,0.002888587161817381,0.0,3.3249700240106044e-27,-2.669323399186264e-24,0.0,0.00014998375568643825
20.21,0.009873544161995746,0.10073129799981963,0.0,3.4587450979507266e-19,1.9705488557767832,0.3266497435346329,0.003485687306456565,0.0,2.0910054790629495e-27,-3.412929071715739e-24,0.0,0.0006193451515317142
20.22,0.012400676282201987,0.12099016559130739,0.0,2.6823137099660346e-19,1.9770538216664926,0.3261594170869809,0.003652210157036088,0.0,9.349877389585597e-28,-3.978737891001567e-24,0.0,0.0009372395619342945
20.23,0.013279924704253994,0.14525137510941802,0.0,1.8353316628766994e-19,1.9720650078755575,0.3139396312412263,0.003469016587633261,0.0,-5.837648142043534e-29,-4.255869446932727e-24,0.0,0.0011064346264978181
20.24,0.012780540606249639,0.17300206841220522,0.0,1.0068581423452502e-19,1.9590555520613833,0.29090164296182647,0.003032646404190631,0.0,-8.365339016198126e-28,-4.135719012020525e-24,0.0,0.0011427250511149112
20.25,0.011238834483645866,0.20335803387583082,0.0,2.6549543659077687e-20,1.941285855387669,0.2588272699654149,0.002442024582683296,0.0,-1.3768844887054805e-27,-3.524666720388582e-24,0.0,0.001070594389811267
20.26,0.00901299896187336,0.23511394902975027,0.0,-3.422889569293299e-20,1.9216108608527622,0.22015595497175972,0.0017878892575199769,0.0,-1.6824246407203955e-27,-2.3585222894331615e-24,0.0,0.0009190926681404132
20.27,0.006446126935510553,0.2668395106254023,0.0,-7.915480319899597e-20,1.902352498586645,0.17769501962634293,0.0011452726848323427,0.0,-1.7760712439482798e-27,-6.175665149615639e-25,0.0,0.0007182296694445878
20.28,0.0038387581577707533,0.2970139309338571,0.0,-1.0764872625765943e-19,1.885236817904946,0.13431005449900893,0.0005690748938539449,0.0,-1.6944424454796963e-27,1.6593198530029125e-24,0.0,0.0004960786736818365
20.29,0.0014312179122195972,0.3241861816739461,0.0,-1.2069210116498871e-19,1.8713894972643332,0.0926453401736803,9.252919049588028e-05,0.0,-1.4817544485454613e-27,4.363251978299336e-24,0.0,0.0002766849101746273
20.3,-0.0006048661841797816,0.3471428573041056,0.0,-1.2041121408883e-19,1.8613793562531107,0.05490692323861667,-0.00027182299452583323,0.0,-1.1843440382817318e-27,7.308656713098101e-24,0.0,7.878488330032692e-05
20.31,-0.002167130350888992,0.3650589902480378,0.0,-1.0964894265335086e-19,1.8552972043519769,0.02272358051258902,-0.000529152450643826,0.0,-8.461639687189227e-28,1.0233314348680402e-23,0.0,-8.472777579460178e-05
20.32,-0.003216791749451191,0.3776023392667254,0.0,-9.156434841579193e-20,1.852856691247325,-0.0029128693503391767,-0.0006979292827871527,0.0,-5.054397637297193e-28,1.2806923775530097e-23,0.0,-0.00020670465182881235
20.33,-0.003768564644268363,0.3849653601278211,0.0,-6.928927845738683e-20,1.8535044967499057,-0.021636216445307242,-0.0008046684043591974,0.0,-1.925349408742668e-28,1.464952453189013e-23,0.0,-0.00028515781310845364
20.34,-0.0038780080634595432,0.3878156876764436,0.0,-4.565997756054074e-20,1.8565288734815397,-0.03363788765612905,-0.000878407867847069,0.0,7.104405511320248e-29,1.536037291847598e-23,0.0,-0.00032234399282687226
20.35,-0.0036279676560412636,0.38717897253777633,0.0,-2.3031339426657703e-20,1.861157872103371,-0.03955971134681042,-0.0009454495021845927,0.0,2.7265715452889647e-28,1.4556869343087138e-23,0.0,-0.00032366909966607873
20.36,-0.003115497260085017,0.3842837888051849,0.0,-3.1725783924115252e-21,1.8666411949046522,-0.04036516248370865,-0.0010248267635582634,0.0,4.077618757306788e-28,1.1921910563899272e-23,0.0,-0.0002965477703840216
20.37,-0.0024403074520179973,0.3804005405449097,0.0,1.276376617319192e-20,1.8723122424029948,-0.03720530298760689,-0.0011248865762116707,0.0,4.785983111394545e-28,7.256669364385665e-24,0.0,-0.0002493278326884771
20.38,-0.0016954310995942502,0.37669931322501393,0.0,2.4212289128703668e-20,1.877629305004346,-0.03129282616626165,-0.0012412838376183425,0.0,4.925585236563802e-28,5.34397998898004e-25,0.0,-0.00019036042711187442
20.39,-0.0009604546375333638,0.3741423312084268,0.0,3.112003140737796e-20,1.8821968436046677,-0.0237941151290954,-0.0013565905622171888,0.0,4.604498363247605e-28,-8.050442820693399e-24,0.0,-0.00012726657138137248
20.4,-0.00029736467834423223,0.3734183612352723,0.0,3.3842730617276275e-20,1.8857693049715534,-0.015745532516767653,-0.0014416161194665273,0.0,3.948264804907873e-28,-1.8044436923804156e-23,0.0,-6.642292379071079e-05
20.41,0.0002511802612315243,0.3749196866477754,0.0,3.302723827145559e-20,1.8882408988783281,-0.007996667771661152,-0.0014584198145015514,0.0,3.085211844815549e-28,-2.871609065372154e-23,0.0,-1.2665443237302763e-05
20.42,0.0006615153655332668,0.3787572007307054,0.0,2.949332183515181e-20,1.8896252460008918,-0.0011802613789783963,-0.0013648717689178779,0.0,2.1346295331291815e-28,-3.90624538826731e-23,0.0,3.0809190348901574e-05
20.43,0.0009270388384748707,0.3848056722527276,0.0,2.4125328122376405e-20,1.8900288498387667,0.004293823994677698,-0.0011204839246259733,0.0,1.1982399608538748e-28,-4.784765355996234e-23,0.0,6.237760417625214e-05
20.44,0.0010551923628973959,0.39276919751123746,0.0,1.7781105751618766e-20,1.8896220394805665,0.008224834068025573,-0.0006930939141903248,0.0,3.5500860304745294e-29,-5.367762140931078e-23,0.0,8.179980921570819e-05
20.45,0.001063848034069105,0.40225610571061926,0.0,1.1222509185918944e-20,1.8886104726343875,0.010592700681347055,-6.584781000149405e-05,0.0,-3.4095492605274005e-29,-5.511242783983407e-23,0.0,8.994819253760734e-05
20.46,0.0009775441885674788,0.41285294804120215,0.0,5.069003738913415e-21,1.887209580890859,0.011520360041871285,0.0007561956288303906,0.0,-8.598763591512437e-29,-5.0813838138373723e-23,0.0,8.849632421380939e-05
20.47,0.0008239320998582339,0.42418850184131435,0.0,-2.264523573682827e-22,1.8856235746184178,0.011231919144598451,0.0017406122117375703,0.0,-1.1937761463163788e-28,-3.972115746722979e-23,0.0,7.960334329048469e-05
20.48,0.0006307003991181878,0.43598080923589333,0.0,-4.3818483196844735e-21,1.884029881675734,0.010011097281710448,0.0028241349027596256,0.0,-1.3525583597450581e-28,-2.1243431032643003e-23,0.0,6.56225071859098e-05
20.49,0.00042314573536112463,0.4480630269226728,0.0,-7.274655679662529e-21,1.8825692324140832,0.00816343785248611,0.003911963521348717,0.0,-1.3593613460301958e-28,4.548950768866704e-24,0.0,4.885432481287372e-05
20.5,0.00022246590632117607,0.4603872084328055,0.0,-8.918824182186712e-21,1.8813410636366592,0.00598473877942338,0.004880581374879623,0.0,-1.2457332490761087e-28,3.6754672868025133e-23,0.0,3.135646892000157e-05
20.51,4.477226657162435e-05,0.47300902346020207,0.0,-9.434691878580994e-21,1.8804035175526521,0.0037371048297770485,0.005584613311059113,0.0,-1.0470917561347908e-28,7.351867548989216e-23,0.0,1.4815110626998288e-05
20.52,-9.924411594004115e-05,0.48606060035034526,0.0,-9.015941212022406e-21,1.8797770626111991,0.0016330741147838003,0.005867974005363346,0.0,-7.988053866816058e-29,1.119822707077475e-22,0.0,4.759579243624139e-07
20.53,-0.0002041014887765896,0.499721845317976,0.0,-7.897117966663133e-21,1.8794506519495897,-0.00017252175731624826,0.005579171604114621,0.0,-5.331078936347393e-29,1.4833129719144213e-22,0.0,-1.087158508508926e-05
20.54,-0.00026890524376709077,0.5141999156754488,0.0,-6.324437379334832e-21,1.8793893425225097,-0.0015839022901113125,0.004590164268361971,0.0,-2.769396725887299e-29,1.7796326410322033e-22,0.0,-1.886698081246307e-05
20.55,-0.00029645591763849855,0.529720259420238,0.0,-4.531738425512958e-21,1.8795423980549015,-0.002560217149582899,0.002817643461066719,0.0,-5.070906974907559e-30,1.957868452531093e-22,0.0,-2.3519393379890118e-05
20.56,-0.00029222247259516073,0.546523812416384,0.0,-2.7226037762374043e-21,1.8798510633814303,-0.0031074829367989734,0.00024508003922595663,0.0,1.3211254083153113e-29,1.9665597568671624e-22,0.0,-2.512868252062666e-05
20.57,-0.0002632991945969649,0.5648596301818004,0.0,-1.0589087778674852e-21,1.8802553984860595,-0.003268121374515677,-0.003056627108408287,0.0,2.6470280806028645e-29,1.7592646416700582e-22,0.0,-2.4197666086397754e-05
20.58,-0.00021744096151981562,0.5849634196532283,0.0,3.445549323086355e-22,1.8806997723729444,-0.003109524367216231,-0.006912448574472916,0.0,3.460793310038376e-29,1.3010619201490716e-22,0.0,-2.1345176292324105e-05
20.59,-0.0001622447394344693,0.6070183119697623,0.0,1.4201917628590838e-21,1.881136818900393,-0.002712853964627981,-0.011033224630700318,0.0,3.799505027764878e-29,5.755181958980695e-23,0.0,-1.722735128392515e-05
20.6,-0.00010451801751398839,0.6311018529447219,0.0,2.143550042991322e-21,1.8815298332875114,-0.0021630084755164176,-0.015015079487109943,0.0,3.73398790674835e-29,-4.085286920798868e-23,0.0,-1.2472309203680802e-05
20.61,-4.984992120418429e-05,0.6571308684387738,0.0,2.526336983706163e-21,1.8818537290801696,-0.0015403864981405261,-0.01835059922225314,0.0,3.3554715194678753e-29,-1.6111721548610415e-22,0.0,-7.631092135557363e-06
20.62,-2.379675142320715e-06,0.6848215009174977,0.0,2.607728956260078e-21,1.8820947761005682,-0.0009147893809210612,-0.020453399656245357,0.0,2.763288878522652e-29,-2.9575333304496947e-22,0.0,-3.1457326317725513e-06
20.63,3.525905899133068e-05,0.7136814135384477,0.0,2.445095693087493e-21,1.8822494000190708,-0.00034154329153904766,-0.020696609856628575,0.0,2.0544674011651962e-29,-4.336692920024284e-22,0.0,6.66383512125251e-07
20.64,6.185029630802774e-05,0.7430424569157025,0.0,2.1050731949982833e-21,1.8823223470100587,0.00014028944019101058,-0.018464343219320497,0.0,1.315723208773099e-29,-5.604337487026004e-22,0.0,3.613936197385337e-06
20.65,7.740234786177536e-05,0.7721288713557901,0.0,1.6556938764177874e-21,1.882324508376677,0.000507895361592837,-0.013213494162577331,0.0,6.1805123755557015e-30,-6.58982276346467e-22,0.0,5.6217546862579294e-06
20.66,8.28881834560992e-05,0.8001462913314468,0.0,1.1600424960148353e-21,1.8822706674460679,0.0007532744134995274,-0.004541313002220147,0.0,1.3835702609057187e-31,-7.10805459816447e-22,0.0,6.712831435145084e-06
20.67,7.995627582350335e-05,0.8263743835333509,0.0,6.716764637814768e-22,1.882177382377964,0.0008808103018490801,0.007747638432921527,0.0,-4.6379920335968956e-30,-6.976160815825522e-22,0.0,6.985547268030783e-06
20.68,7.064347632534571e-05,0.8502485682876186,0.0,2.318469725820205e-22,1.8820611614558247,0.0009042699036219902,0.023583119064895682,0.0,-7.998153500060412e-30,-6.034388227708379e-22,0.0,6.589114257179024e-06
20.69,5.7114620284322396e-05,0.8714202599112855,0.0,-1.3160540555828504e-22,1.881937028717674,0.0008436153211126417,0.04258839785731065,0.0,-9.947518313255308e-30,-4.170038235120885e-22,0.0,5.69976284276951e-06
20.7,4.144599552959615e-05,0.8897888131489221,0.0,-4.0392490124945123e-22,1.8818175229201677,0.0007219474248148592,0.06406607299668249,0.0,-1.0613831888401737e-29,-1.342598882554513e-22,0.0,4.499600221615215e-06
20.71,2.5462343731377923e-05,0.9055017814420783,0.0,-5.820012627938048e-22,1.8817121258034435,0.0005628207457986707,0.08701846034115819,0.0,-1.0210133865606342e-29,2.3923956989617595e-22,0.0,3.1594256528195934e-06
20.72,1.0630332908980658e-05,0.9189234175112578,0.0,-6.72164516164695e-22,1.881627078895456,0.00038808631176090886,0.11020779035160681,0.0,-8.99806984731692e-30,6.8637684745456745e-22,0.0,1.8261700650272625e-06
20.73,-1.994124490148013e-06,0.930574847471852,0.0,-6.875567407125084e-22,1.8815655227007293,0.0002163396624106326,0.13225689575039523,0.0,-7.254707970112613e-30,1.1772684065969195e-21,0.0,6.150814341651047e-07
20.74,-1.1771490010127976e-05,0.9410533050447649,0.0,-6.45392080555516e-22,1.881527877885982,6.198194929643054e-05,0.15178443668839087,0.0,-5.245023762378693e-30,1.669158189353553e-21,0.0,-3.936636845717167e-07
20.75,-1.8446618906403177e-05,0.9509424874855015,0.0,-5.643658641220305e-22,1.8815123838899366,-6.515332981160552e-05,0.16755986958068997,0.0,-3.201262993132636e-30,2.10771127005577e-21,0.0,-1.154561905175529e-06
20.76,-2.208993184387133e-05,0.9607312994556965,0.0,-4.624129865348302e-22,1.8815157144889492,-0.00015969490196254777,0.17865295429434688,0.0,-1.3095342965287546e-30,2.4299397880775176e-21,0.0,-1.653433681890759e-06
20.77,-2.3022561279914288e-05,0.9707616355258609,0.0,-3.549517834416528e-22,1.8815336001322183,-0.0002202600595823865,0.184544600031368,0.0,2.9672390731322615e-31,2.5688740834832184e-21,0.0,-1.9020401137819464e-06
20.78,-2.173540409970724e-05,0.9812220550304526,0.0,-2.53688162416553e-22,1.8815614011142727,-0.0002487321106212586,0.1851689044178922,0.0,1.5372842348668121e-30,2.4599284687768524e-21,0.0,-1.9315671332818624e-06
20.79,-1.8810439870453038e-05,0.9921899224854388,0.0,-1.659997578816488e-22,1.881594591791035,-0.00024940482750808565,0.18087585792129982,0.0,2.3808989278540504e-30,2.0487093295539405e-21,0.0,-1.7857868675365117e-06
20.8,-1.4850703000801181e-05,1.0037057697029397,0.0,-9.487369328271152e-23,1.8816291322579974,-0.0002280969158340905,0.17233176604982797,0.0,2.8376759350276512e-30,1.2997853886540298e-21,0.0,-1.5145629757954536e-06
20.81,-1.0423184649060836e-05,1.0158521085650574,0.0,-3.93350830107393e-23,1.8816617187601925,-0.00019132035641745163,0.16039239662044355,0.0,2.949447365957064e-30,2.0570427916656964e-22,0.0,-1.1681956717417704e-06
20.82,-6.01690190515118e-06,1.0288105722796856,0.0,4.723524025251874e-24,1.8816899165811292,-0.000145564018561068,0.14598364657562113,0.0,2.779398031988297e-30,-1.2046798876209065e-21,0.0,-7.929238582091891e-07
20.83,-2.016570999589559e-06,1.0428826616833828,0.0,4.341991680591861e-23,1.8817121886705825,-9.673085962110527e-05,0.1300117734173538,0.0,2.4020184360300527e-30,-2.859677789230414e-21,0.0,-4.2773345700617474e-07
20.84,1.3091339407766479e-06,1.0584744717118963,0.0,8.358644921959012e-23,1.8817278396120236,-4.974547027009171e-05,0.1133090472720264,0.0,1.8941930592919636e-30,-4.6412429701500875e-21,0.0,-1.0247523849132264e-07
20.85,3.806810023002931e-06,1.0760589736482251,0.0,1.314250364807623e-22,1.881736897813468,-8.330260872401468e-06,0.09660702752552203,0.0,1.3279639198293745e-30,-6.3856551045381315e-21,0.0,1.62819775066161e-07
20.86,5.427762835078765e-06,1.0961337375552058,0.0,1.9123727363457128e-22,1.8817399593876851,2.5065824424897804e-05,0.08052327980925254,0.0,7.652485273260274e-31,-7.889461627360938e-21,0.0,3.5762032496315815e-07
20.87,6.2106405462047226e-06,1.1191832834075002,0.0,2.6434950149957e-22,1.8817380155868462,4.92121281632591e-05,0.06555074701307953,0.0,2.545612447843271e-31,-8.92142988399598e-21,0.0,4.798103866433826e-07
20.88,6.260200886184345e-06,1.1456403507721733,0.0,3.483434648858629e-22,1.8817322824720886,6.394625701280381e-05,0.05204813064989326,0.0,-1.7039866701731663e-31,-9.240796671392463e-21,0.0,5.340962428862719e-07
20.89,5.724846690122059e-06,1.1758330025330095,0.0,4.366887817534597e-22,1.8817240473415757,6.996245032771601e-05,0.04023628748591109,0.0,-4.905635300866668e-31,-8.621480092721241e-21,0.0,5.301516307390493e-07
20.9,4.775097899892718e-06,1.2099113349704593,0.0,5.188528463891239e-22,1.8817145418792711,6.856993035725879e-05,0.03020562568579533,0.0,-7.00071762621687e-31,-6.881166994763721e-21,0.0,4.80718282153234e-07
20.91,3.5846109734888065e-06,1.2477637973029718,0.0,5.809360408357942e-22,1.8817048475048221,6.144875747262913e-05,0.021935127917447284,0.0,-8.03987882184105e-31,-3.9133564809632454e-21,0.0,3.998372318663373e-07
20.92,2.3147804522674266e-06,1.2889485319093983,0.0,6.068445224489693e-22,1.8816958343786288,5.042509151859329e-05,0.015319082129640497,0.0,-8.155483082307324e-31,2.804033338543917e-22,0.0,3.013379067096572e-07
20.93,1.1034189358955458e-06,1.3326690598147353,0.0,5.799693364407699e-22,1.8816881322034207,3.7281404660850616e-05,0.010195450997370058,0.0,-7.532743473605362e-31,5.561611421769709e-21,0.0,1.976628257712467e-07
20.94,5.7552474815149744e-08,1.377810671300992,0.0,4.852901184192009e-22,1.881682128507255,2.3610814657326762e-05,0.0063707850480627,0.0,-6.38233168181568e-31,1.1633346126949472e-20,0.0,9.906020100806075e-08
20.95,-7.499860934023144e-07,1.423031527620001,0.0,3.117664424933983e-22,1.8816779885321475,1.0718874988903025e-05,0.0036394594618472894,0.0,-4.916552276368388e-31,1.8030614572516487e-20,0.0,1.3138030042158924e-08
20.96,-1.2807227842845244e-06,1.466886135039483,0.0,5.482363921220195e-23,1.8816756901418397,-4.287318454961565e-07,0.0017975228765150536,0.0,-3.3304131877117887e-31,2.4126767402775195e-20,0.0,-5.525667005794644e-08
20.97,-1.5281513632077792e-06,1.5079561249032178,0.0,-2.8131216613671973e-22,1.8816750671923093,-9.217866988371535e-06,0.0006523874582291713,0.0,-1.7882138522273294e-31,2.9159589400734895e-20,0.0,-1.038902936153706e-07
20.98,-1.513498484101191e-06,1.544969513794976,0.0,-6.817164934760572e-22,1.8816758554293525,-1.5364702826852812e-05,2.9434400059619482e-05,0.0,-4.156580485378664e-32,3.227947018512161e-20,0.0,-1.3279477208922993e-07
20.99,-1.2803088818737924e-06,1.5768974900957171,0.0,-1.119616605738957e-21,1.8816777360186037,-1.8870564856870693e-05,-0.00022377531988869692,0.0,7.02986642367164e-32,3.262026683952576e-20,0.0,-1.437904357086522e-07
21.0,-8.884122684867262e-07,1.6030239976603962,0.0,-1.5562973756029395e-21,1.8816803731025422,-1.9962010351324618e-05,-0.00023524862429492605,0.0,1.5235014676234915e-31,2.939113540045345e-20,0.0,-1.3994696823049184e-07
21.01,-4.077043875483881e-07,1.6229875780676424,0.0,-1.942336442007859e-21,1.881683443156516,-1.902462901626462e-05,-0.00010795007520987008,0.0,2.0371168714910013e-31,2.198484644023852e-20,0.0,-1.2504121244451655e-07
21.02,8.795721508982425e-08,1.6367972859027993,0.0,-2.2203697112300765e-21,1.8816866552443023,-1.6537752401498714e-05,7.944133986399465e-05,0.0,2.2637826275772003e-31,1.0095106349841382e-20,0.0,-1.030588897674848e-07
21.03,5.265562354173453e-07,1.644825241246538,0.0,-2.329475274756588e-21,1.8816897624445017,-1.301558450367291e-05,0.00027068061547320233,0.0,2.24434738163818e-31,-6.167546150261599e-21,0.0,-7.77741973950097e-08
21.04,8.433142144687572e-07,1.6477779417660874,0.0,-2.211111468843544e-21,1.8816925656545276,-8.95844438113316e-06,0.0004292914345903015,0.0,2.0325628318143566e-31,-2.617426629458453e-20,0.0,-5.2428172089439936e-08
21.05,9.85615193594872e-07,1.646647482753378,0.0,-1.8163589669117404e-21,1.881694911632227,-4.81603863152277e-06,0.0005353722830844351,0.0,1.6876495528734863e-31,-4.8705640371990644e-20,0.0,-2.951475818270752e-08
21.06,9.173895105716365e-07,1.6426430875944518,0.0,-1.1140087279183987e-21,1.8816966874876986,-9.631104399917238e-07,0.0005821498896988034,0.0,1.2679564302143674e-31,-7.192402127790232e-20,0.0,-1.0673423931782412e-08
21.07,6.228463375132899e-07,1.6371034916339415,0.0,-9.8824157393901e-23,1.881697813895648,2.313451496827368e-06,0.0005725311473946969,0.0,8.260374289129288e-32,-9.340486751533294e-20,0.0,3.3206802145776643e-09
21.08,1.0937612984012422e-07,1.6313922367552296,0.0,1.2008909731571833e-21,1.8816982390879329,4.817857625913405e-06,0.0005158659778541815,0.0,4.0527688811006564e-32,-1.1023860435627826e-19,0.0,1.248355764070584e-08
21.09,-5.906351863534429e-07,1.6267811674351735,0.0,2.717441239625605e-21,1.8816979352491403,6.4413435305431326e-06,0.00042508496908811574,0.0,3.803123346075024e-33,-1.1920954045595082e-19,0.0,1.74841046876848e-08
21.1,-1.4194093944432285e-06,1.6243325932038086,0.0,4.340709787525262e-21,1.8816968983294415,7.153257669899007e-06,0.00031432206940604755,0.0,-2.5487094921138203e-32,-1.1705127586014391e-19,0.0,1.946020545761811e-08
21.11,-2.295167530274226e-06,1.6247972883665611,0.0,5.919037592440861e-21,1.881695151571569,6.989631745096571e-06,0.00019707920968465578,0.0,-4.6351401154580155e-32,-1.0076905049378031e-19,0.0,1.980876348374145e-08
21.12,-3.1156739145864116e-06,1.6285506830683534,0.0,7.264957151023628e-21,1.8816927522910751,6.041152502170816e-06,8.494083825332732e-05,0.0,-5.8745512385581e-32,-6.800910515918745e-20,0.0,1.9968390205531114e-08
21.13,-3.7642247697254785e-06,1.6355865629104809,0.0,8.166441238258498e-21,1.8816898007224332,4.441890659013585e-06,-1.3194694921218615e-05,0.0,-6.337595347915853e-32,-1.7444159575468185e-20,0.0,2.1211994509118156e-08
21.14,-4.118225618980958e-06,1.6455720568169583,0.0,8.403893200440204e-21,1.8816864491194545,2.359504143797879e-06,-9.14311065917966e-05,0.0,-6.147941513961356e-32,5.086634695411177e-20,0.0,2.4464708121183095e-08
21.15,-4.060275124327814e-06,1.6579463758418915,0.0,7.77252965653919e-21,1.8816829088453475,-1.2997848726442757e-08,-0.00014682210052086844,0.0,-5.460236947236832e-32,1.3519119073445336e-19,0.0,3.0160598781503e-08
21.16,-3.491374800746466e-06,1.672032398016562,0.0,6.109115289455606e-21,1.8816794529673466,-2.4643912235599037e-06,-0.00017904575792382585,0.0,-4.440018007051846e-32,2.3197255500727447e-19,0.0,3.814950186659099e-08
21.17,-2.3455320888008258e-06,1.6871314522692065,0.0,3.3212482453809048e-21,1.881676411933968,-4.772137313885275e-06,-0.00018990048554592726,0.0,-3.2469168509560506e-32,3.3585658986742416e-19,0.0,4.766296539940468e-08
21.18,-6.046478273390386e-07,1.7025831636580597,0.0,-5.833708205851811e-22,1.8816741602943394,-6.7101211936896166e-06,-0.00018271055719562836,0.0,-2.0219367089270275e-32,4.399577413137196e-19,0.0,5.7345597372332e-08
21.19,1.6877819087292545e-06,1.71778713683579,0.0,-5.470939037411385e-21,1.8816730931318497,-8.058293106027257e-06,-0.00016171666876004317,0.0,-8.790491311514184e-33,5.363903486804265e-19,0.0,6.535483734801627e-08
21.2,4.415916910584522e-06,1.7321978557112774,0.0,-1.1062583050069764e-20,1.8816735919145158,-8.615042991958546e-06,-0.00013151088399403503,0.0,9.906535079742849e-34,6.170768294764638e-19,0.0,6.952817414060737e-08
21.21,7.3857239651757524e-06,1.7453150503204355,0.0,-1.6926412525652488e-20,1.8816759807658263,-8.212691557239687e-06,-9.655789100670242e-05,0.0,8.616366394356302e-33,6.748077367462008e-19,0.0,6.761200038957341e-08
21.22,1.0325983202604473e-05,1.7566928931809371,0.0,-2.2484432425127083e-20,1.8816804756507068,-6.735860133817776e-06,-6.082735220168413e-05,0.0,1.387500187447182e-32,7.044851555363974e-19,0.0,5.7540662723748205e-08
21.23,1.2897892507582405e-05,1.76597903831286,0.0,-2.7037530750037892e-20,1.8816871305332807,-4.141743590627977e-06,-2.7546674073044585e-05,0.0,1.680688063402267e-32,7.044291840530576e-19,0.0,3.774803274662417e-08
21.24,1.4714543548302894e-05,1.7729750755522233,0.0,-2.9810614827233776e-20,1.8816957860436168,-4.805324106063675e-07,9.293096205239117e-07,0.0,1.764746912174695e-32,6.775756906913086e-19,0.0,7.487485494112868e-09
21.25,1.53707997348732e-05,1.7776962300661818,0.0,-3.0018288722774125e-20,1.8817060274091202,4.086496360360336e-06,2.314493023792435e-05,0.0,1.6765494518132501e-32,6.323584907809743e-19,0.0,-3.2869874589692455e-08
21.26,1.4483098706287108e-05,1.7804065502175064,0.0,-2.6949289603787804e-20,1.881717159165438,9.27427270231559e-06,3.84861234751508e-05,0.0,1.4602483371842012e-32,5.830618050069785e-19,0.0,-8.159377891956464e-08
21.27,1.1737471589837091e-05,1.7816128709023296,0.0,-2.006534060585882e-20,1.8817282042640278,1.4669981045734089e-05,4.706153274132214e-05,0.0,1.1618715307879349e-32,5.494409577221604e-19,0.0,-1.3544799775132092e-07
21.28,6.942696324201325e-06,1.7820107275773993,0.0,-9.107312813777546e-21,1.8817379344613026,1.974119236595051e-05,4.9545602851160296e-05,0.0,8.248965982354344e-33,5.554385488372427e-19,0.0,-1.896758138963055e-07
21.29,8.409793387705891e-08,1.782385522682025,0.0,5.801128646846029e-21,1.8817449371742914,2.3858939354894902e-05,4.700531350333186e-05,0.0,4.8698429141493406e-33,6.269126775423151e-19,0.0,-2.3815127616954023e-07
21.3,-8.627775931378042e-06,1.7834822546392648,0.0,2.406457529838418e-20,1.881747721257121,2.633763625159621e-05,4.072896489163323e-05,0.0,1.7791215683043255e-33,7.884868853689302e-19,0.0,-2.7372100648801543e-07
21.31,-1.8720364731885763e-05,1.785866664244224,0.0,4.455543927893552e-20,1.881744860424258,2.6492294172510265e-05,3.2071259420393945e-05,0.0,-8.136475408710026e-34,1.0598792761583901e-18,0.0,-2.887476161807805e-07
21.32,-2.9441453680875126e-05,1.7898073360110038,0.0,6.559638763240138e-20,1.8817351684708161,2.3711580179996765e-05,2.2324401543406214e-05,0.0,-2.7868223395028338e-33,1.4522505580623773e-18,0.0,-2.758471792252818e-07
21.33,-3.976777541286047e-05,1.795206860258682,0.0,8.499909570181842e-20,1.8817178953004803,1.754301561602743e-05,1.2620548544502875e-05,0.0,-4.098724524679536e-33,1.9651608423402127e-18,0.0,-2.2879039255280689e-07
21.34,-4.844594462892443e-05,1.8015972908963458,0.0,1.0017012354313185e-19,1.8816929274875647,7.784171922057682e-06,3.867059685523873e-06,0.0,-4.7743755333325796e-33,2.5846693138814814e-18,0.0,-1.4351137645056547e-07
21.35,-5.4069864237835403e-05,1.808196212922023,0.0,1.0829016560972531e-19,1.881660972218648,-5.428672043782416e-06,-3.2871438524613586e-06,0.0,-4.88919926821813e-33,3.282995988449931e-18,0.0,-1.914158227565299e-08
21.36,-5.5195805359965135e-05,1.81400570516069,0.0,1.0656645500199914e-19,1.8816236996292224,-2.154501703192471e-05,-8.45805500294053e-06,0.0,-4.5517597011901325e-33,4.02000583014317e-18,0.0,1.4103830962642086e-07
21.37,-5.049250467060859e-05,1.8179327264395677,0.0,9.25499237321915e-20,1.881583816476577,-3.954980789003804e-05,-1.1511205718154529e-05,0.0,-3.887248548407175e-33,4.746565988188081e-18,0.0,3.288550591870938e-07
21.38,-3.8919022089189626e-05,1.8189126286749875,0.0,6.449927888633479e-20,1.8815450444701398,-5.795076320409049e-05,-1.2530297868728732e-05,0.0,-3.023009790149664e-33,5.409557353350704e-18,0.0,5.308454027282976e-07
21.39,-1.991807191487816e-05,1.8160223491208183,0.0,2.1764160988915344e-20,1.8815119800280935,-7.481503051122111e-05,-1.1775555697831663e-05,0.0,-2.0769373591442076e-33,5.9579939801560476e-18,0.0,7.28340249588705e-07
21.4,6.3924752655026105e-06,1.8085739744024252,0.0,-3.485003334079915e-20,1.8814898191818357,-8.786446971699266e-05,-9.6368643992979e-06,0.0,-1.1491539345931753e-33,6.349367640965513e-18,0.0,8.981494311820643e-07
21.41,3.905166325164394e-05,1.79618250911351,0.0,-1.0278108341494858e-19,1.8814839419739773,-9.463483411981314e-05,-6.585791945647443e-06,0.0,-3.170052873576854e-34,6.5551138871871e-18,0.0,1.0139313132551457e-06
21.42,7.613605488081718e-05,1.7788040253365356,0.0,-1.7752315517971061e-19,1.8814993647948146,-9.269841207112925e-05,-3.129495910573596e-06,0.0,3.668928916015011e-34,6.56412806102405e-18,0.0,1.0482783898161968e-06
21.43,0.00011471514200499102,1.7567422049895765,0.0,-2.5260568001946144e-19,1.8815400860424238,-7.994250117766109e-05,2.315395578038708e-07,0.0,8.74030308859371e-34,6.383599298016838e-18,0.0,9.754790621386524e-07
21.44,0.0001509065766017297,1.730622966560422,0.0,-3.1978468366128014e-19,1.8816083691535825,-5.488781431767804e-05,3.0408772967807257e-06,0.0,1.197399430839495e-33,6.037030971217091e-18,0.0,7.748302678186871e-07
21.45,0.00018005186892022852,1.701338779631898,0.0,-3.6948231039375314e-19,1.8817040258266353,-1.7022193377617885e-05,4.918178251306845e-06,0.0,1.3475610518211506e-33,5.560019267293872e-18,0.0,4.342810231013421e-07
21.46,0.00019702536400495322,1.6699668072334104,0.0,-3.914923223613502e-19,1.8818237790893437,3.2883318210448595e-05,5.585822463630581e-06,0.0,1.3480041445921429e-33,4.994888121962994e-18,0.0,-4.590866005441778e-08
21.47,0.00019667794916472848,1.6376685425868602,0.0,-3.759445955220585e-19,1.881960798365754,9.251588723039894e-05,4.890021833496781e-06,0.0,1.2303554305170674e-33,4.385392279692917e-18,0.0,-6.498952799587896e-07
21.48,0.00017440237770628556,1.6055831167727694,0.0,-3.1449100946810865e-19,1.882104504317481,0.00015786394389360583,2.8161288937776814e-06,0.0,1.0298897856417033e-33,3.77241643011075e-18,0.0,-1.3438324049310884e-06
21.49,0.00012679007517594863,1.57473028684615,0.0,-2.0164046397046464e-19,1.8822407375080374,0.00022320659671213748,-5.025347836471412e-07,0.0,7.816708543664559e-34,3.1911223965464337e-18,0.0,-2.074801374339777e-06
21.5,5.2331055255436224e-05,1.54593830981341,0.0,-3.6134815436437065e-20,1.882352369771137,0.0002812898731810676,-4.783440237955483e-06,0.0,5.175264145802511e-34,2.669512095464242e-18,0.0,-2.771572700075057e-06
21.51,-4.79091890136065e-05,1.5198039722782613,0.0,1.7777604077652786e-19,1.882420409171149,0.0003237203558029717,-9.602674118013773e-06,0.0,2.639467067504779e-34,2.2280000210635522e-18,0.0,-3.3476044376171273e-06
21.52,-0.00016971713687785709,1.496681297192514,0.0,4.2932854824518033e-19,1.8824256082945205,0.0003415908366498768,-1.4413459236862709e-05,0.0,4.089449047245429e-35,1.8794488105453567e-18,0.0,-3.706544489774362e-06
21.53,-0.00030535458181303653,1.4766902237261346,0.0,7.006932450111656e-19,1.8823505323450433,0.0003263307634002869,-1.85768657016776e-05,0.0,-1.3856183993120105e-34,1.6292825415306799e-18,0.0,-3.750297501915835e-06
21.54,-0.0004434722211574842,1.4597392570439318,0.0,9.670588150228456e-19,1.8821819807974078,0.00027074733837759624,-2.1405670726897365e-05,0.0,-2.6793404258884412e-34,1.4756269119310734e-18,0.0,-3.3894486304193123e-06
21.55,-0.0005694009396292585,1.4455601070649546,0.0,1.1975137799186707e-18,1.881913588620732,0.0001701927900975685,-2.222135602337882e-05,0.0,-3.4649027502297457e-34,1.409680810689472e-18,0.0,-2.5555191550583987e-06
21.56,-0.0006658897603779218,1.4337509179926722,0.0,1.3568419033636124e-18,1.8815483664904413,2.3762012843746503e-05,-2.0422837843645495e-05,0.0,-3.781016763104128e-34,1.4165687406357664e-18,0.0,-1.2141847584257066e-06
21.57,-0.0007143283531993714,1.4238196461679706,0.0,1.4082770788077802e-18,1.881100881665415,-0.00016460432176044416,-1.5563776387121886e-05,0.0,-3.69929973547918e-34,1.4768189116056525e-18,0.0,6.217526834806588e-07
21.58,-0.0006964483623703203,1.415217928288531,0.0,1.317169231993703e-18,1.880598741103729,-0.0003852591074381971,-7.433342310319744e-06,0.0,-3.3110461692732906e-34,1.5684623189707124e-18,0.0,2.881145905209293e-06
21.59,-0.0005964431255128434,1.4073618651844424,0.0,1.0553986328341225e-18,1.8800830251095568,-0.0006223913119963417,3.866675534238064e-06,0.0,-2.7150745564279614e-34,1.6695980004570401e-18,0.0,5.426751168415333e-06
21.6,-0.00040338270446139035,1.3996453452425124,0.0,6.06249311260224e-19,1.8796073420172625,-0.0008541307359070647,1.7857306075902892e-05,0.0,-2.0074859360629146e-34,1.7611207387558965e-18,0.0,8.052735954320028e-06
21.61,-0.00011373536029091241,1.3914564326781236,0.0,-3.067629599000244e-20,1.8792352391838016,-0.001053354374876103,3.36405186396597e-05,0.0,-1.2738263927986956e-34,1.8291633321926304e-18,0.0,1.0489132614579544e-05
21.62,0.00026625585970757766,1.382203927213206,0.0,-8.350360039787503e-19,1.8790358171041854,-0.0011892932395534549,4.989062155771739e-05,0.0,-5.838311209703924e-35,1.8667155353117144e-18,0.0,1.2414606628966158e-05
21.63,0.0007186440676675373,1.3713526943300574,0.0,-1.7624429944981187e-18,1.8790775519549499,-0.001229976130635562,6.488887710226024e-05,0.0,1.1335866642377449e-36,1.8739584767379395e-18,0.0,1.3478352206775491e-05
21.64,0.0012126311288035495,1.3584600058253853,0.0,-2.7429437432129844e-18,1.8794205323085817,-0.0011454637079626978,7.660929699813457e-05,0.0,4.7963259181156827e-35,1.8571673199622982e-18,0.0,1.333113272062171e-05
21.65,0.001704538829830733,1.3432045618115414,0.0,-3.681925933842668e-18,1.8801075471509119,-0.0009117258625165634,8.28601396816006e-05,0.0,8.068996032109975e-35,1.826465283878165e-18,0.0,1.1664472961639957e-05
21.66,0.002139201698717437,1.3254030456946893,0.0,-4.464007363050017e-18,1.88115470728982,-0.0005149044085665176,8.14807109405394e-05,0.0,9.943172706709197e-35,1.793016113745231e-18,0.0,8.255838896404203e-06
21.67,0.0024530079617580687,1.3050126981594214,0.0,-4.960273704388067e-18,1.8825425172118513,4.440911336305891e-05,7.058682957310086e-05,0.0,1.0550580848577218e-34,1.7662995944439843e-18,0.0,3.016395386069205e-06
21.68,0.002578692827974439,1.2821210607595268,0.0,-5.038959905353594e-18,1.8842085106541349,0.0007473521145860767,4.8851106273906264e-05,0.0,1.0105972612537453e-34,1.751997846332912e-18,0.0,-3.963268390512385e-06
21.69,0.0024518216029439993,1.2569256478582593,0.0,-4.579313127354941e-18,1.8860426884213268,0.0015539741509134114,1.579654663765523e-05,0.0,8.870768699520878e-35,1.7508440774607896e-18,0.0,-1.2375067052063244e-05
21.7,0.002018695648328005,1.2297070516105608,0.0,-3.487951653558336e-18,1.8878870183300556,0.002402009078161433,-2.7925327812973863e-05,0.0,7.120304379239728e-35,1.7586031508328364e-18,0.0,-2.1669280034405907e-05
21.71,0.0012451844791122092,1.2007990693468436,0.0,-1.7165732299709905e-18,1.8895401443220656,0.0032078023476026585,-8.030673567331404e-05,0.0,5.116784970134157e-35,1.7671731854757617e-18,0.0,-3.105076243519175e-05
21.72,0.00012575105953772039,1.1705590614769523,0.0,7.2059100453510935e-19,1.890768181215505,0.0038698741780799,-0.00013784501137078148,0.0,3.0891105779866783e-35,1.7666186464394243e-18,0.0,-3.950138469156054e-05
21.73,-0.0013082808978050484,1.1393410802285628,0.0,3.731582751823984e-18,1.8913220308846919,0.0042754384021866055,-0.00019553241412339231,0.0,1.2198832929432043e-35,1.7477671208992773e-18,0.0,-4.583324525727155e-05
21.74,-0.002982340049726105,1.1074735103712312,0.0,7.136075727567374e-18,1.8909610480064918,0.004309958216438147,-0.00024701003086795384,0.0,-3.607849165729394e-36,1.7048324359107043e-18,0.0,-4.8775003111831817e-05
21.75,-0.004775315931041286,1.075242158222009,0.0,1.0661690001486113e-17,1.8894821313235017,0.0038695098482768894,-0.0002849128260078565,0.0,-1.575559933684495e-35,1.6374185708443697e-18,0.0,-4.709062970976357e-05
21.76,-0.00652056030774104,1.0428790081625539,0.0,1.3949535823416853e-17,1.8867524640504756,0.002875358888854188,-0.00030141895153901123,0.0,-2.3954924371895437e-35,1.551326636828941e-18,0.0,-3.972609320251637e-05
21.77,-0.008012223607480938,1.0105562978180398,0.0,1.6570846505837288e-17,1.882743241880234,0.0012897578068630942,-0.0002889972750864927,0.0,-2.832318595326209e-35,1.4579026239067278e-18,0.0,-2.597518348295201e-05
21.78,-0.009017655961081087,0.9783851749355874,0.0,1.8055827438352083e-17,1.877560897832509,-0.000868416586858887,-0.00024132343450794294,0.0,-2.928827743896768e-35,1.3721060006643522e-18,0.0,-5.6512038771397e-06
21.79,-0.00929612457174247,0.9464179953725212,0.0,1.7934794141665747e-17,1.8714716661091748,-0.0035099046583557418,-0.0001543080010935803,0.0,-2.7485490512862583e-35,1.3098053129831913e-18,0.0,2.0752956025348775e-05
21.8,-0.008623464779274136,0.9146532854399397,0.0,1.5790327158213745e-17,1.8649149385244683,-0.006465137064426417,-2.7152662439928795e-05,0.0,-2.3658039868086952e-35,1.2848954542783776e-18,0.0,5.193725147234523e-05
21.81,-0.006821519492924796,0.8830424901710298,0.0,1.131760679592565e-17,1.8585008732324297,-0.009480167430081758,0.00013667547301340774,0.0,-1.8569179861225722e-35,1.306752727511468e-18,0.0,8.572229521059111e-05
21.82,-0.003790380519792465,0.8514978187855474,0.0,4.388421068309265e-18,1.8529882195294276,-0.012220358539773499,0.00032868194872770257,0.0,-1.2931154336862427e-35,1.378411166629425e-18,0.0,0.00011905541618309748
21.83,0.00045940244260712053,0.8199007321291234,0.0,-4.8872771776120666e-18,1.8492393994461946,-0.014283331520683788,0.0005349376438755913,0.0,-7.35363880869987e-36,1.4957071774413616e-18,0.0,0.00014811527320025142
21.84,0.005778242093810182,0.7881108474007782,0.0,-1.6109759398578573e-17,1.8481515674881597,-0.015222029026191849,0.0007361675257550901,0.0,-2.3120654934667035e-36,1.6475047928146384e-18,0.0,0.0001685298361924137
21.85,0.011856731152157402,0.7559752217023943,0.0,-2.855625951872443e-17,1.8505646255625454,-0.014577812729276962,0.0009084604194042795,0.0,1.8656013498512047e-36,1.816976580339422e-18,0.0,0.0001757139316915811
21.86,0.01821709131659876,0.7233380858355882,0.0,-4.117468178345535e-17,1.8571498998521205,-0.011922346860335732,0.0010246901769405306,0.0,4.9963843937569596e-36,1.9837711330407697e-18,0.0,0.00016532093308443103
21.87,0.024221138621834618,0.6900511137032809,0.0,-5.261221825994573e-17,1.8682862086839664,-0.006905685881414182,0.0010566850799601005,0.0,7.027645463503065e-36,2.1267475346085227e-18,0.0,0.00013378904449532647
21.88,0.029098393743743046,0.6559842255568489,0.0,-6.128507099111896e-17,1.8839331020540149,0.0006933994965375189,0.0009781107288266133,0.0,8.014126476468818e-36,2.2268235362322497e-18,0.0,7.89468736885811e-05
21.89,0.03199674120603219,0.6210367458343338,0.0,-6.549257260149158e-17,1.9035137970440053,0.010920100702936966,0.0007679452943316943,0.0,8.09044666867135e-36,2.26942725323366e-18,0.0,6.269277115516645e-07
21.9,0.032056235651473225,0.5851484951112369,0.0,-6.357495319789571e-17,1.9258223756834705,0.023605471009147172,0.00041433059296655696,0.0,7.442424571358721e-36,2.2461236297446553e-18,0.0,-9.877900466712466e-05
21.91,0.028504315059815946,0.5483101325508408,0.0,-5.410895217550069e-17,1.9489707336172732,0.03834420836179681,-8.151367179120031e-05,0.0,6.279983645824371e-36,2.155204570871825e-18,0.0,-0.00021389989550035687
21.92,0.020767931661385852,0.5105718352929961,0.0,-3.612971152598393e-17,1.9703901654127596,0.054494654532471806,-0.000701711326255984,0.0,4.81367834862461e-36,2.001301860301839e-18,0.0,-0.00033618397669627495
21.93,0.008595151923721601,0.47204926986017115,0.0,-9.361359586256847e-18,1.9869000089548527,0.07120599631200364,-0.0014089494301084702,0.0,3.2361297056824664e-36,1.794287417110304e-18,0.0,-0.00045399676484813016
21.94,-0.00782411430991791,0.4329258495611948,0.0,2.5567003127661138e-17,1.994851237684003,0.08747506207178507,-0.0021449871084738216,0.0,1.7089570774637808e-36,1.5477867574855782e-18,0.0,-0.0005530881931211959
21.95,-0.027751073129786537,0.3934505539928013,0.0,6.694785281890546e-17,1.9903462667732141,0.10223108443834804,-0.0028309242147523425,0.0,3.5518760264920573e-37,1.2775637103799583e-18,0.0,-0.0006174761355757115
21.96,-0.049819184270661794,0.35393118054528455,0.0,1.1189506870279255e-16,1.9695277622210159,0.11444122406978614,-0.003369621349529972,0.0,-7.4335076768082616e-37,9.999331145808014e-19,0.0,-0.0006307600780284153
21.97,-0.07199842872187114,0.3147238006748121,0.0,1.5634794168000435e-16,1.928919452614888,0.1232228425186955,-0.00365051777781695,0.0,-1.5444784742223958e-36,7.303072167871806e-19,0.0,-0.0005778346257137198
21.98,-0.09161653253912633,0.27622008408103604,0.0,1.952070684778739e-16,1.8657917322788027,0.1279427111355167,-0.0035568820915173414,0.0,-2.0409709091989793e-36,4.819802031816135e-19,0.0,-0.0004469199990341706
21.99,-0.10544796763572849,0.23883426450758846,0.0,2.226227296379601e-16,1.7785154684399869,0.1282834341633238,-0.0029752588946956398,0.0,-2.2537978440070908e-36,2.6524915698177063e-19,0.0,-0.0002317692002751201
22.0,-0.10987651252618531,0.20299035697059203,0.0,2.324450947657173e-16,1.666860498238527,0.12426650599850082,-0.001806559542494889,0.0,-2.224324713193267e-36,8.692892699982415e-20,0.0,6.614582590569779e-05
22.01,-0.10113013721032897,0.16910859675940804,0.0,2.1883034293234556e-16,1.532192775570793,0.11623483720788398,2.2087280358191097e-05,0.0,-2.006377986206372e-36,-4.974017883820115e-20,0.0,0.00043571759849389774
22.02,-0.07557828959696515,0.1375895301213571,0.0,1.769781671171295e-16,1.3775283091449175,0.10480564194947058,0.002545921022176766,0.0,-1.658897933316081e-36,-1.4484270689368751e-19,0.0,0.0008548416924965399
22.03,-0.030071929621577873,0.10879527656146039,0.0,1.0395533382122961e-16,1.2074153335772493,0.09080374244460794,0.005753009749772897,0.0,-1.2396976948106143e-36,-2.0127786046415755e-19,0.0,0.0012899116060240859
22.04,0.03770315176471006,0.08302914428101041,0.0,-4.612598568364567e-19,1.0276395146696415,0.07518143487100064,0.009578142297425669,0.0,-8.006409724656026e-37,-2.2408318433193797e-19,0.0,0.001696457433030119
22.05,0.1288977585381113,0.06051577196548812,0.0,-1.3300798225613083e-16,0.844777019423371,0.058930728031294524,0.013901637776390108,0.0,-3.843604270487812e-37,-2.1968558929852043e-19,0.0,0.0020211671074210607
22.06,0.24323916083857017,0.0413841344225871,0.0,-2.8632515102314524e-16,0.6656486650688588,0.04299683419181727,0.018554232771775057,0.0,-2.2478178545972726e-38,-1.9516233021030255e-19,0.0,0.002205441110554096
22.07,0.37888394672258485,0.02565564764675127,0.0,-4.486233271168969e-16,0.49674624720323546,0.02820349835358301,0.023328566440276505,0.0,2.6483351676949275e-37,-1.5757750242670506e-19,0.0,0.002190503984750962
22.08,0.53242224661688,0.013239437307761002,0.0,-6.037307967081337e-16,0.3437053619008647,0.015198570717342673,0.02799680912527557,0.0,4.681964038630859e-37,-1.1343963732703965e-19,0.0,0.0019239325009616018
22.09,0.699056511338333,0.003936242242732956,0.0,-7.316123951070371e-16,0.21088857231050298,0.004423760897150775,0.03233278435585034,0.0,5.875642242482102e-37,-6.830574637693716e-20,0.0,0.0013672696633060238
22.1,0.8729527636207396,-0.0025487829698278104,0.0,-8.09420053180752e-16,0.10112217837063561,-0.003891763594720762,0.036135849657624466,0.0,6.302530455437633e-37,-2.653872261880656e-20,0.0,0.0005041900990556921
22.11,1.0477294428276,-0.006585581328137515,0.0,-8.130908390641421e-16,0.015603921870978692,-0.009717304875862538,0.039253271371224495,0.0,6.087437126242219e-37,8.790266771366535e-21,0.0,-0.0006515147088239494
22.12,1.2170167163521963,-0.008593436183409412,0.0,-7.194499270313275e-16,-0.04602660025828711,-0.013191217438857117,0.04159808171689376,0.0,5.384969800396199e-37,3.587411794954462e-20,0.0,-0.002049029363765885
22.13,1.3749994439216522,-0.009012948350654809,0.0,-5.087068759819451e-16,-0.08548311358438133,-0.014581965652971622,0.04316026033432716,0.0,4.3596989688829765e-37,5.4043796629530246e-20,0.0,-0.003595692373833629
22.14,1.5168593965032586,-0.008278731874518089,0.0,-1.6715902285729519e-16,-0.10553365627244476,-0.014245327087069649,0.04401012901324813,0.0,3.1696451575552585e-37,6.357424746347423e-20,0.0,-0.005155288389738064
22.15,1.6390570966785818,-0.006795350016912111,0.0,3.101568972938663e-16,-0.10965148548918427,-0.012582661085543593,0.04429377752915278,0.0,1.9538318552817626e-37,6.545234287383181e-20,0.0,-0.006550395414727428
22.16,1.7394307088247718,-0.004918303084149823,0.0,9.171850882657298e-16,-0.10165754607946194,-0.010004032600660911,0.04422105364726064,0.0,8.241339144101926e-38,6.11342388660588e-20,0.0,-0.007569506323602842
22.17,1.8171251196852745,-0.0029410840766991783,0.0,1.6353018108319414e-15,-0.08538942201940372,-0.006898676361038742,0.04404718123885043,0.0,-1.387735163757578e-38,5.2314875369539156e-20,0.0,-0.007979279732377368
22.18,1.8723897619193781,-0.001088556645747279,0.0,2.4328597028374616e-15,-0.06442259427930701,-0.0036139763572308947,0.04404947609844704,0.0,-8.858781786589248e-38,4.0726671536989437e-20,0.0,-0.007541770570570087
22.19,1.906296892838005,0.00048373682632367427,0.0,3.266143600211402e-15,-0.04185993947101538,-0.00044295362715714495,0.044500958931062484,0.0,-1.3974243027903664e-37,2.797844995330574e-20,0.0,-0.006035865563876516
22.2,1.920434771699175,0.001685215081176532,0.0,4.0819524006264096e-15,-0.020195946250937884,0.002380703920567825,0.04564294911602984,0.0,-1.6784541822568333e-37,1.5439880737303172e-20,0.0,-0.0032814433815273763
22.21,1.916624949742772,0.0024820320312438555,0.0,4.821848124313803e-15,-0.0012539637513446695,0.004681715074972502,0.04765896769984078,0.0,-1.7531219976585196e-37,4.171718096222063e-21,0.0,0.0008359444757633219
22.22,1.8967019580308462,0.002886307572646476,0.0,5.427863418515992e-15,0.013811550217543326,0.006338403392781862,0.05065246457339506,0.0,-1.6585373015613016e-37,-5.101900458574112e-21,0.0,0.006342733785049671
22.23,1.8623791611312372,0.002944124150595151,0.0,5.849129601279091e-15,0.024460123093091708,0.007276118804613412,0.05463096892476746,0.0,-1.4387765541354138e-37,-1.1985668177277585e-20,0.0,0.013160698254752001
22.24,1.8152084179578438,0.0027234665050814037,0.0,6.0484968914585724e-15,0.030672343772882322,0.0074607914006351635,0.0594991779045515,0.0,-1.1395513694658977e-37,-1.637809382978614e-20,0.0,0.02109953806934769
22.25,1.7566252696570275,0.0023030689073679595,0.0,6.007876361843999e-15,0.03283405828166402,0.006894114951234862,0.06506316364629801,0.0,-8.038612952907673e-38,-1.8418127356819047e-20,0.0,0.029862031993105876
22.26,1.6880573006311936,0.0017628758768799574,0.0,5.731003365789291e-15,0.031611849997611234,0.005611286483587236,0.07104720239103295,0.0,-4.6880343278949466e-38,-1.8422010621251996e-20,0.0,0.039064307570419
22.27,1.6110625656389028,0.0011765517133296736,0.0,5.242849697969711e-15,0.02783192423964449,0.003681565568609792,0.07712362295634431,0.0,-1.6357349568326202e-38,-1.6817965880801452e-20,0.0,0.04827234651239671
22.28,1.527458855352057,0.000606218271811705,0.0,4.585860258849656e-15,0.02237180747840197,0.0012112354973805028,0.08295446369270941,0.0,9.141870297048118e-39,-1.408490599177719e-20,0.0,0.057053654295422244
22.29,1.4394042414438573,9.937929928287828e-05,0.0,3.8140323928636484e-15,0.016071279714369672,-0.0016520790880932784,0.08824157614563863,0.0,2.8447761181225196e-38,-1.0699685313547978e-20,0.0,0.06504004980107207
22.3,1.3493957995822827,-0.0003121839628318939,0.0,2.986174798909115e-15,0.009666011069771415,-0.004715288236890781,0.09277911223462985,0.0,4.11802647422634e-38,-7.095703739068211e-21,0.0,0.07199378844689562
22.31,1.2601674153706879,-0.0006118815584345704,0.0,2.1595133917535057e-15,0.003744723744805719,-0.007737776522622264,0.09649930172200956,0.0,4.761510921685724e-38,-3.6340857826472015e-21,0.0,0.07786504329003398
22.32,1.174488979111391,-0.0007965509336689651,0.0,1.3844365264983783e-15,-0.001271478493112352,-0.0104333614542175,0.09950032321231418,0.0,4.852097440466936e-38,-5.872964555576625e-22,0.0,0.08282583563724591
22.33,1.094894935861651,-0.0008738825095293651,0.0,7.00798923537367e-16,-0.005130584314036219,-0.012478039283523024,0.10204658584216786,0.0,4.498794558471809e-38,1.8660041969000696e-21,0.0,0.08726745170389053
22.34,1.0233921091761977,-0.0008594360157203242,0.0,1.3590103047057366e-16,-0.007735946077307568,-0.013524814830667836,0.10453855878872112,0.0,3.8264115113354977e-38,3.6367964983066165e-21,0.0,0.09175747650519167
22.35,0.9612052143725927,-0.0007735981117712809,0.0,-2.9596320744580574e-16,-0.009121807135938737,-0.013226162048194604,0.10745864001444588,0.0,2.961291161282295e-38,4.714562045536885e-21,0.0,0.09696510368381549
22.36,0.9086098010879887,-0.000638761652182813,0.0,-5.926463494274819e-16,-0.009422526564964874,-0.011263671153702628,0.1113058220264875,0.0,2.0199261607265076e-38,5.151622017179772e-21,0.0,0.1035717953885119
22.37,0.8648822324949097,-0.00047692747998636504,0.0,-7.623140112927503e-16,-0.008839544726237894,-0.007383274312281087,0.11653228496331777,0.0,1.1008450423669961e-38,5.0452818533953855e-21,0.0,0.11218489957277024
22.38,0.8283740552871032,-0.00030784966446888244,0.0,-8.210035532434535e-16,-0.007609468672006303,-0.001433205996760429,0.12349114800409991,0.0,2.7978689988417277e-39,4.519810468734182e-21,0.0,0.12326665070927997
22.39,0.7966995849393346,-0.00014777165246424286,0.0,-7.899238011039992e-16,-0.00597583909841404,0.0065993204645564026,0.13239903248189167,0.0,-3.9210849223528365e-39,3.709867454553815e-21,0.0,0.1370835527893684
22.4,0.767012093013113,-8.73886542322336e-06,0.0,-6.927971968995385e-16,-0.004166273558379611,0.01655768997072409,0.14331123700575782,0.0,-8.87574457306749e-39,2.7465235252223025e-21,0.0,0.153673340807273
22.41,0.736335138663064,0.00010157421090748263,0.0,-5.534795472344837e-16,-0.002375849818701183,0.028097230101143105,0.15610291447041574,0.0,-1.2005550497159998e-38,1.7465500650660135e-21,0.0,0.17282083187686695
22.42,0.7019106745410402,0.0001796163623161232,0.0,-3.9401831019886064e-16,-0.0007568632971810253,0.0406837772244854,0.1704500749473254,0.0,-1.3422490894485064e-38,8.052243823313594e-22,0.0,0.19403456301725525
22.43,0.661524132643895,0.0002254022762502243,0.0,-2.332369691280341e-16,0.0005854942651972899,0.05361406133304348,0.18581152916038365,0.0,-1.3364804814005595e-38,-7.462746537984324e-24,0.0,0.2165258604304354
22.44,0.6137685693931875,0.0002417599776705205,0.0,-8.586715038339238e-17,0.001592410458405701,0.0660606748722497,0.2014230127627394,0.0,-1.2149425714035834e-38,-6.4758458465822935e-22,0.0,0.2392054938927002
22.45,0.5582152004029618,0.00023349042197769269,0.0,3.7803806643425343e-17,0.0022468142230448714,0.077141442549627,0.2163198471526002,0.0,-1.0127594674646704e-38,-1.0956104003872705e-21,0.0,0.2607198141714892
22.46,0.49546661108395856,0.00020653155101506626,0.0,1.3184177741773222e-16,0.002566059308855735,0.08600885442125797,0.22940062487893523,0.0,-7.64685829553263e-39,-1.3529549937810057e-21,0.0,0.2795429252777684
22.47,0.4270821154947556,0.00016719917583412743,0.0,1.942280665209156e-16,0.0025931373258462715,0.09194984030332604,0.23953366857848746,0.0,-5.021427446213712e-39,-1.4374247081378633e-21,0.0,0.2941268507353258
22.48,0.35538249424676965,0.00012155499391102763,0.0,2.2618264095083173e-16,0.002387501545139822,0.0944799679871713,0.24569434444220406,0.0,-2.5117232050198524e-39,-1.3781918855489024e-21,0.0,0.3030931199259902
22.49,0.283162188614291,7.493025741599549e-05,0.0,2.3135513946228378e-16,0.0020163878363430735,0.09341146178044141,0.2471087578075763,0.0,-3.12957348612744e-40,-1.2108373661058461e-21,0.0,0.3054321738006734
22.5,0.2133553851974775,3.161393463012643e-05,0.0,2.1498013567944888e-16,0.0015472879786441994,0.08887620960852072,0.24337339332380756,0.0,1.448163806236289e-39,-9.728805647818052e-22,0.0,0.30066883923007653
22.51,0.1487100915093326,-5.302076965868569e-06,0.0,1.830764353703728e-16,0.0010419909867672797,0.08129634588011052,0.23452461061763116,0.0,2.710041769173914e-39,-7.000852594667606e-22,0.0,0.28895787457989774
22.52,0.091517217678651,-3.3940312265798855e-05,0.0,1.4174991308802994e-16,0.0005523828109120322,0.07131127944908393,0.22104366211306464,0.0,3.467807603014689e-39,-4.237003889816616e-22,0.0,0.271089372845886
22.53,0.04342423123167757,-5.354518808264442e-05,0.0,9.66380932207484e-17,0.00011800049344593816,0.059681312699665125,0.2037962916845867,0.0,3.761749812888318e-39,-1.6867962697585662e-22,0.0,0.24840190220459094
22.54,0.0053436124402820705,-6.431186227378472e-05,0.0,5.251445647610903e-17,-0.0002348159595446749,0.04718949120515845,0.18391890121879945,0.0,3.66423686471165e-39,4.7171432944466635e-23,0.0,0.22261886569457454
22.55,-0.022549159019513945,-6.716808357269335e-05,0.0,1.305286511387549e-17,-0.0004924374989220588,0.03455823618224054,0.16267436206369362,0.0,3.2665974619543954e-39,2.132420207839567e-22,0.0,0.19563883442640254
22.56,-0.04074352825187332,-6.353805241217379e-05,0.0,-1.9261454377208562e-17,-0.0006524503568211266,0.022390612817429035,0.14130537482373362,0.0,2.6671159551549106e-39,3.2552325506459048e-22,0.0,0.16931760897405768
22.57,-0.05026853202084885,-5.511275302261458e-05,0.0,-4.309778865874773e-17,-0.0007214951407008556,0.011140126744291726,0.12090957741607328,0.0,1.9609578600436377e-39,3.855627234096787e-22,0.0,0.14527542629839982
22.58,-0.05253658977185933,-4.364548036252623e-05,0.0,-5.815184445922666e-17,-0.0007127704866656464,0.0011081755078059564,0.10235182636956568,0.0,1.2324991396816597e-39,3.99153789527757e-22,0.0,0.12475165157050763
22.59,-0.049177477151039116,-3.078512338813734e-05,0.0,-6.495485904528898e-17,-0.0006434906929051798,-0.007535263052985728,0.08621995138545269,0.0,5.502223133164209e-40,3.749304629118556e-22,0.0,0.10851774778493066
22.6,-0.04188027427999461,-1.7953808387059036e-05,0.0,-6.464995644543404e-17,-0.0005325295836288419,-0.014714480809857341,0.07282294794573302,0.0,-3.5916721370869634e-41,3.230108022711469e-22,0.0,0.09685009302306709
22.61,-0.03225671233957097,-6.270231003919526e-06,0.0,-5.876228126019876e-17,-0.0003984174409781751,-0.020402451037246024,0.062225301703897215,0.0,-4.9494321286276056e-40,2.5379733698334757e-22,0.0,0.08955759270444395
22.62,-0.021734584084723577,3.4842695087266973e-06,0.0,-4.8984359871341804e-17,-0.0002577916573673605,-0.024575074667193317,0.05430777018404658,0.0,-8.135604259611267e-40,1.7700630189926269e-22,0.0,0.08605469911773221
22.63,-0.011485300424316466,1.0862952867422167e-05,0.0,-3.699225988720772e-17,-0.00012434076119154945,-0.027172916669147087,0.04884326131503274,0.0,-9.93574671875013e-40,1.0096226697394853e-22,0.0,0.08546801439054122
22.64,-0.002385672114372882,1.5722220082851713e-05,0.0,-2.4302124042641337e-17,-8.22989835223367e-06,-0.028076747424454544,0.04557618934356144,0.0,-1.048542893787509e-39,3.2163774902085207e-23,0.0,0.08676369654630536
22.65,0.004989173855057985,1.8170257136730752e-05,0.0,-1.21710923733612e-17,8.404376897120763e-05,-0.027101290501184296,0.04429458912492641,0.0,-1.0001006925848772e-39,-2.4899309924355542e-23,0.0,0.08888300427443141
22.66,0.010347053646408094,1.8504457844394627e-05,0.0,-1.5418908573993429e-18,0.00014944401519488882,-0.0240092486894903,0.044886066824606,0.0,-8.743598075022591e-40,-6.771399011001598e-23,0.0,0.09087414615595835
22.67,0.013640741791454802,1.7145448392437894e-05,0.0,6.97330511765684e-18,0.00018792935071383613,-0.01854509956230433,0.047371111092460894,0.0,-6.9867570995407366e-40,-9.554600536666762e-23,0.0,0.09200986184720043
22.68,0.015017728366967948,1.457417943958758e-05,0.0,1.3076632758311664e-17,0.0002018232835994715,-0.010485497855760285,0.05191015503717416,0.0,-4.98989981506715e-40,-1.0912790407801e-22,0.0,0.09188166490397906
22.69,0.01476439370896842,1.1276919211163617e-05,0.0,1.6744203396541698e-17,0.0001951107508375857,0.00029941032586725853,0.05878385303145129,0.0,-2.9785854502602882e-40,-1.102846896982521e-22,0.0,0.09046332243017989
22.7,0.01325042918579603,7.701274398387692e-06,0.0,1.8170296433630413e-17,0.00017273791524574403,0.0137816512791936,0.06834911276923353,0.0,-1.1319329046538832e-40,-1.0154301424732846e-22,0.0,0.08813792313412148
22.71,0.010878138719197024,4.224750141126546e-06,0.0,1.7704245838387053e-17,0.00013997590229699317,0.02971757574568267,0.08097629445326929,0.0,4.23236355578338e-41,-8.576160819633481e-23,0.0,0.08568484447372905
22.72,0.008039895367880467,1.1359578736814886e-06,0.0,1.578709235277709e-17,0.00010189064289190977,0.047606802196200095,0.09697543343569066,0.0,1.6124387456284365e-40,-6.581080577854298e-23,0.0,0.08422515812587719
22.73,0.005085657023952899,-1.372532601549913e-06,0.0,1.2893598420424806e-17,6.294278292696306e-05,0.06667795861349239,0.1165211136936367,0.0,2.4089790375037943e-40,-4.4318834960078667e-23,0.0,0.0851265976143174
22.74,0.0023011893108241814,-3.201487923572027e-06,0.0,9.483569101015287e-18,2.6725169037908578e-05,0.08590959372884212,0.13958644062122863,0.0,2.8261798877974356e-40,-2.3492959970378596e-23,0.0,0.08987220147952134
22.75,-0.00010341024150314858,-4.334707987862307e-06,0.0,5.9647731960164105e-18,-4.168208661137177e-06,0.10409142804633546,0.16589612566587572,0.0,2.907751840507315e-40,-5.0153014396285334e-24,0.0,0.09990011503998429
22.76,-0.0019960935948804977,-4.823550378698321e-06,0.0,2.668257835038468e-18,-2.8158145795582784e-05,0.11992617817901909,0.19490667094689676,0.0,2.7175400606465536e-40,9.993340749362975e-24,0.0,0.1164256543586018
22.77,-0.0033178859873774003,-4.768634652490543e-06,0.0,-1.644030790289536e-19,-4.460397435626811e-05,0.13216541905508947,0.22581768632262078,0.0,2.329677144099946e-40,2.095287769648198e-23,0.0,0.14026035243773158
22.78,-0.004072557793060225,-4.300822129473903e-06,0.0,-2.3833337172822994e-18,-5.366129526607136e-05,0.13976434880358157,0.25761214868191984,0.0,1.8199180963006007e-40,2.7760349332639807e-23,0.0,0.17164593014188764
22.79,-0.004312988815761933,-3.5631908679145737e-06,0.0,-3.924085506526982e-18,-5.6100095448309475e-05,0.1420305537271174,0.28911519687727794,0.0,1.2586659468894283e-40,3.0698024238940835e-23,0.0,0.21012344458579255
22.8,-0.004126122528106561,-2.6952904660273822e-06,0.0,-4.795215779802497e-18,-5.310753214621531e-05,0.13873446278200857,0.31905406994987223,0.0,7.059409360726689e-41,3.032721522578923e-23,0.0,0.25445864163697834
22.81,-0.0036181270443743996,-1.8205192858004709e-06,0.0,-5.062103372879131e-18,-4.6095871186697406e-05,0.13015161514506104,0.3461033984750012,0.0,2.0832258108175143e-41,2.738012668871964e-23,0.0,0.30264308620509445
22.82,-0.002901017587609391,-1.0370581558040883e-06,0.0,-4.829213028642608e-18,-3.653128092906979e-05,0.11702396987284193,0.3689148070681667,0.0,-2.0228496445978612e-41,2.2659617206760138e-23,0.0,0.3519862614227539
22.83,-0.0020816005510818918,-4.124471818538102e-07,0.0,-4.222688392806681e-18,-2.5794038299846e-05,0.10045207181146966,0.38614960536410975,0.0,-5.083418104151624e-41,1.6953977629848803e-23,0.0,0.3993058664333379
22.84,-0.0012532132779953594,1.837931422339404e-08,0.0,-3.3747270276634454e-18,-1.5075724622844615e-05,0.08174709295822236,0.3965421730844628,0.0,-7.051696461066912e-41,1.0971008810998198e-23,0.0,0.44121147752219986
22.85,-0.0004903882677386475,2.5197738026575795e-07,0.0,-2.4107275197671697e-18,-5.314577727146026e-06,0.06227439688193501,0.39901166220674095,0.0,-7.986410307471185e-41,5.293087636598906e-24,0.0,0.4744602376825568
22.86,0.00015371271463190714,3.1269521413334246e-07,0.0,-1.4397468160379968e-18,2.833410808376724e-06,0.043313144454867135,0.39281642636995984,0.0,-8.024338248466821e-41,3.5271563834068164e-25,0.0,0.4963429273620782
22.87,0.0006474585689259104,2.469500862097131e-07,0.0,-5.484025524818043e-19,8.992671854529902e-06,0.025947038814567853,0.3777203589008315,0.0,-7.351830698592947e-41,-3.5736415218021474e-24,0.0,0.5050390594973232
22.88,0.0009789996700721962,1.1605543899192436e-07,0.0,2.019746173171167e-19,1.3042141788745499e-05,0.010993101098978341,0.3541245306003382,0.0,-6.178013171687985e-41,-6.356752954261669e-24,0.0,0.4998708652468026
22.89,0.0011531673414182837,-1.1835649729110797e-08,0.0,7.753765391601038e-19,1.5072577628838269e-05,-0.001030989359431311,0.32311984637881863,0.0,-4.711663454311877e-41,-7.994794624390879e-24,0.0,0.48139885171043567
22.9,0.0011875786905612665,-7.012389398367164e-08,0.0,1.1589318530659152e-18,1.5334334262210985e-05,-0.009904999473540965,0.2864372598268641,0.0,-3.1430097014548626e-41,-8.586562434663307e-24,0.0,0.451336473428297
22.91,0.001108453684450796,-1.966059219490635e-09,0.0,1.3591589360870908e-18,1.4182128030356593e-05,-0.0156765643819967,0.2463018444836366,0.0,-1.6310019893050367e-41,-8.301542940457618e-24,0.0,0.41230564774420975
22.92,0.0009465675621644214,2.322299914362122e-07,0.0,1.3973139591787065e-18,1.2022187389457053e-05,-0.018612200212514807,0.20522182929328747,0.0,-2.960138773027051e-42,-7.350126182646166e-24,0.0,0.3674899427483761
22.93,0.0007336586191674974,6.485280202022471e-07,0.0,1.304430433460042e-18,9.265838674528019e-06,-0.019137385637332516,0.1657536638715973,0.0,7.825355971530219e-42,-5.956538010944829e-24,0.0,0.32025530486821463
22.94,0.0004995023375012121,1.2349094012385276e-06,0.0,1.1165471590103155e-18,6.292161788452911e-06,-0.017773492354960233,0.13027921270882467,0.0,1.5644720044682913e-41,-4.3362861050230144e-24,0.0,0.27379944809694207
22.95,0.00026975881375970316,1.948932115477349e-06,0.0,8.704997592382064e-19,3.421014804024053e-06,-0.015078036862667921,0.10081895110562104,0.0,2.0440819631733621e-41,-2.6791393167804545e-24,0.0,0.23087119978471832
22.96,6.460971869868194e-05,2.7180515481497405e-06,0.0,6.005224186689032e-19,8.965693148145145e-07,-0.011593079731008179,0.07889300972728798,0.0,2.243324742455398e-41,-1.1379599450790367e-24,0.0,0.19358064028117453
22.97,-0.00010187104842929232,3.442970034733376e-06,0.0,3.357837979786213e-19,-1.119416756338036e-06,-0.0078048485824457345,0.06543310065679073,0.0,2.2040572757596686e-41,1.7687138246514456e-25,0.0,0.16330428004687708
22.98,-0.00022171972955256582,4.004245094794924e-06,0.0,9.887389727138941e-20,-2.5460076421873334e-06,-0.004115994657262405,0.06074290876168701,0.0,1.9801618358804953e-41,1.1981330382627227e-24,0.0,0.14067745053256878
22.99,-0.00029259443266895353,4.272184126955402e-06,0.0,-9.482699766116015e-20,-3.3749771400525397e-06,-0.000830446362016632,0.0645018831202532,0.0,1.6302860658340093e-41,1.8985185276135728e-24,0.0,0.1256582397716473
23.0,-0.0003169427839959042,4.119783015970205e-06,0.0,-2.370273171618481e-19,-3.658111982190506e-06,0.0018503182345829788,0.07580680434457965,0.0,1.211701356464225e-41,2.2845847128554435e-24,0.0,0.11764317162295418
23.01,-0.0003009662679235411,3.438134024646676e-06,0.0,-3.2581778134058873e-19,-3.491811737678946e-06,0.003821555620364884,0.09324623613295203,0.0,7.755806495786094e-42,2.3890157468993898e-24,0.0,0.11561376117365633
23.02,-0.0002535043220546294,2.153352024232201e-06,0.0,-3.6456030742221217e-19,-3.000666029807671e-06,0.0050625277535595505,0.11500416652216588,0.0,3.6380881717292016e-42,2.2622361237943318e-24,0.0,0.11829435821580811
23.03,-0.00018493616674474824,2.436769305137186e-07,0.0,-3.605483803387922e-19,-2.3214013531450134e-06,0.00561933151887085,0.1389900098782725,0.0,7.280681259189497e-44,1.964244663281773e-24,0.0,0.12430458886525876
23.04,-0.0001061702054330155,-2.244955117757396e-06,0.0,-3.2359620254412124e-19,-1.5882634140284029e-06,0.0055857397572396435,0.16299195998564397,0.0,-2.744789785492239e-42,1.5573375172390447e-24,0.0,0.13229354532769624
23.05,-2.776345377318897e-05,-5.186868677616974e-06,0.0,-2.646858332653117e-19,-9.20579389842893e-07,0.0050841909864751695,0.1848488697728674,0.0,-4.726197676590663e-42,1.1001691642504372e-24,0.0,0.1410470712334425
23.06,4.081012521563917e-05,-8.370288359281255e-06,0.0,-1.9476880746285082e-19,-4.1295945505639333e-07,0.00424861925109643,0.20263196411977918,0.0,-5.874827641886716e-42,6.433882807319735e-25,0.0,0.14956357664265263
23.07,9.17412048145815e-05,-1.1498783969324966e-05,0.0,-1.2378546742842652e-19,-1.2836759696148625e-07,0.0032103046193016223,0.21482154661152592,0.0,-6.266266636857752e-42,2.268974176100181e-25,0.0,0.1570974490801854
23.08,0.00011932618134396067,-1.4202374471108679e-05,0.0,-5.993466054090946e-20,-9.41250164615204e-08,0.00208740556279983,0.22045598058306728,0.0,-6.026395976655324e-42,-1.2136707742401727e-25,0.0,0.16317208469618927
23.09,0.00012028109727705074,-1.6059596638042486e-05,0.0,-9.200776294583992e-21,-3.0080104121906465e-07,0.00097835297449775,0.21922412357219379,0.0,-5.3097349936830373e-42,-3.8534962441505805e-25,0.0,0.16756674099116586
23.1,9.393930611653969e-05,-1.6631004014336983e-05,0.0,2.48744767104229e-20,-7.038833406221911e-07,-4.11241058506445e-05,0.21147564363129864,0.0,-4.279858176710542e-42,-5.5976805742420905e-25,0.0,0.17028280041416727
23.11,4.23367594742705e-05,-1.550344104479917e-05,0.0,4.120134257908343e-20,-1.2280822183663644e-06,-0.0009178871374434578,0.19814118690655277,0.0,-3.093161443354233e-42,-6.482974212167282e-25,0.0,0.17149569768480208
23.12,-2.982069925879049e-05,-1.2343083857309484e-05,0.0,4.0965441781071725e-20,-1.7740911096847528e-06,-0.0016189493504576928,0.18057903960462318,0.0,-1.8866902293058832e-42,-6.613538223292808e-25,0.0,0.1714988178748123
23.13,-0.00011532317874966735,-6.9537404032726905e-06,0.0,2.730097922141887e-20,-2.227576159301348e-06,-0.0021275753185221297,0.1603818492351341,0.0,-7.702357921841567e-43,-6.137569146203417e-25,0.0,0.17064525791620577
23.14,-0.0002047779282540314,6.646141543186794e-07,0.0,4.848561312364202e-21,-2.4700850189851768e-06,-0.0024387940479130136,0.13917898387745065,0.0,1.775111452282118e-43,-5.225013034231375e-25,0.0,0.16929260641901664
23.15,-0.0002871103804182604,1.0263461764577818e-05,0.0,-2.0770124498152586e-20,-2.391438852244657e-06,-0.0025551249449431604,0.1184621672573051,0.0,9.092708482892467e-43,-4.048089130350052e-25,0.0,0.1677549680241751
23.16,-0.0003502652637597241,2.1306953240076424e-05,0.0,-4.3531362636458163e-20,-1.903001208443436e-06,-0.0024831709586482908,0.09945173559963047,0.0,1.4066697891892563e-42,-2.765733805307762e-25,0.0,0.16626544748887204
23.17,-0.000382115971100782,3.2954623493781496e-05,0.0,-5.761470340026624e-20,-9.510126714563679e-07,-0.0022315372307594537,0.08301180280532167,0.0,1.6757353109357157e-42,-1.5124973285281487e-25,0.0,0.1649512936379932
23.18,-0.0003715703684386171,4.4073268953228344e-05,0.0,-5.80071923550953e-20,4.7103848370962585e-07,-0.0018103059405823612,0.06961545840649692,0.0,1.7412072308981595e-42,-3.919236221773257e-26,0.0,0.16382293120662342
23.19,-0.00030983406794610847,5.328447030529769e-05,0.0,-4.107740578601763e-20,2.312241606381502e-06,-0.0012320580030221473,0.059355830938473915,0.0,1.6404145376077913e-42,5.259556477797301e-26,0.0,0.16277719842373778
23.2,-0.00019175981312090723,5.905203334073441e-05,0.0,-5.0865990104170246e-21,4.4576646474119645e-06,-0.0005141986907562683,0.05199528567961198,0.0,1.4173451695447608e-42,1.203663471115225e-25,0.0,0.1616142578687097
23.21,-1.7177096404644848e-05,5.9810342523350135e-05,0.0,4.9400230638104157e-20,6.72676140540027e-06,0.00031786488518162847,0.047042964152345,0.0,1.1173871433551062e-42,1.6326727405546777e-25,0.0,0.16006684390244347
23.22,0.00020793648809661275,5.413035299818626e-05,0.0,1.19244760182555e-19,8.878127806453506e-06,0.0012273142966372785,0.04385003862912999,0.0,7.830593784047884e-43,1.8280297635824657e-25,0.0,0.15783973681834698
23.23,0.0004706065410583992,4.0914894913406876e-05,0.0,1.9865094940115096e-19,1.0621687186878348e-05,0.0021630092363747228,0.04171215944062264,0.0,4.508966006519552e-43,1.8220513944239174e-25,0.0,0.15465660567844738
23.24,0.00075051413089372,1.960947985222173e-05,0.0,2.7930829116728946e-19,1.1638922371876224e-05,0.0030578477688378404,0.03996934414659151,0.0,1.4951691897145955e-43,1.6578434399002054e-25,0.0,0.15031065000543345
23.25,0.0010203242520723924,-9.590624247353092e-06,0.0,3.5079868826918653e-19,1.1611104138217719e-05,0.003829129756592417,0.038094764197008475,0.0,-1.0120890610511994e-43,1.3832455087654967e-25,0.0,0.14471482984030032
23.26,0.001246841065219388,-4.556102756898786e-05,0.0,4.0128997714548937e-19,1.0254607982768304e-05,0.004381529337245699,0.03576535102381884,0.0,-2.900467910668044e-43,1.0456421517018436e-25,0.0,0.1379469643552338
23.27,0.0013930913206722678,-8.612389619971073e-05,0.0,4.185189317825508e-19,7.361407918581479e-06,0.004613067764375599,0.03290875570016088,0.0,-4.1355605006842554e-43,6.87911280249201e-26,0.0,0.13028468463011406
23.28,0.0014213625228030392,-0.00012800722971044998,0.0,3.910392467935448e-19,2.8417606770965597e-06,0.004424180917010993,0.02972289879070705,0.0,-4.747422711353991e-43,3.45623986681348e-26,0.0,0.12222524596437599
23.29,0.001297123481390296,-0.00016691467592447077,0.0,3.096765792797266e-19,-3.2349515955413928e-06,0.003729610019071619,0.026666130758485267,0.0,-4.8143083218917535e-43,4.547620811131839e-27,0.0,0.11448564341382195
23.3,0.0009936366548876203,-0.00019772777674247058,0.0,1.690953871268664e-19,-1.0606140340961967e-05,0.0024724323416863386,0.024417907489671608,0.0,-4.445625165820865e-43,-1.9517101562650235e-26,0.0,0.10797942424844308
23.31,0.0004969422979121949,-0.0002148537121395506,0.0,-3.065568149755172e-20,-1.8794198883055542e-05,0.0006391230659314138,0.0238118948799199,0.0,-3.765768981049512e-43,-3.678369144760163e-26,0.0,0.10376811604775193
23.32,-0.00018923450594223677,-0.00021271896446472592,0.0,-2.8278741841010494e-19,-2.7102605113679073e-05,-0.0017258588461270018,0.02574555676829652,0.0,-2.9000644325384255e-43,-4.717851764566302e-26,0.0,0.10298730240225272
23.33,-0.0010392166571490972,-0.00018639324153645374,0.0,-5.727958706077262e-19,-3.4635132549178125e-05,-0.004507790632655732,0.03107251513890086,0.0,-1.963598298323837e-43,-5.124504461347636e-26,0.0,0.10675002281663608
23.34,-0.0020023922437817487,-0.00013230933796317207,0.0,-8.780749033230652e-19,-4.0342213881527195e-05,-0.007513735857327502,0.04048620162481536,0.0,-1.0533106172097034e-43,-4.9965744187974766e-26,0.0,0.1160332050534604
23.35,-0.0030021926759578967,-4.9024760400763714e-05,0.0,-1.1683119454515483e-18,-4.309659106582119e-05,-0.01047096250718444,0.05440537065986886,0.0,-2.433470430010273e-44,-4.4583244338254814e-26,0.0,0.13155601242878937
23.36,-0.003937673436965679,6.204822204818682e-05,0.0,-1.4068311469131444e-18,-4.179772270232067e-05,-0.013033552592932382,0.07287366257065393,0.0,4.166105071858543e-44,-3.6436532129823995e-26,0.0,0.15366195574110125
23.37,-0.004688223279125961,0.0001960336036264164,0.0,-1.5529888480025946e-18,-3.5501096091367405e-05,-0.014798550066523043,0.0954862599014709,0.0,9.005186931271575e-44,-2.6823364971721713e-26,0.0,0.18221892839538364
23.38,-0.005121721889648364,0.0003442038058574491,0.0,-1.5656390042406366e-18,-2.3564799725566128e-05,-0.01533223981083386,0.12135638370638688,0.0,1.2032529007373122e-43,-1.689539097546867e-26,0.0,0.21655243574801022
23.39,-0.005106168944471835,0.0004939153247347306,0.0,-1.407573157217633e-18,-5.801747841068733e-06,-0.01420613105164036,0.1491325071777785,0.0,1.3366315112321627e-43,-7.588241122339264e-27,0.0,0.25542660634540715
23.4,-0.004524427441426911,0.0006289617375857734,0.0,-1.0507062977107784e-18,1.7377793563882643e-05,-0.011040979203673217,0.1770733032234413,0.0,1.3247979263942967e-43,4.146838969513367e-28,0.0,0.29708446912061715
23.41,-0.0032912810429722287,0.0007304167809213097,0.0,-4.816359100245003e-19,4.4851774329502415e-05,-0.005555804505186555,0.20318111602986408,0.0,1.1995004209939464e-43,6.688688668369816e-27,0.0,0.339352852151227
23.42,-0.0013715308772301604,0.0007780052922823088,0.0,2.929402759645781e-19,7.472023720328103e-05,0.0023825221809497784,0.2253858678632636,0.0,9.957046119921922e-44,1.1050242707524547e-26,0.0,0.3798075707859436
23.43,0.0012026042241412855,0.000751991324149461,0.0,1.241585397684327e-18,0.00010430778603602592,0.012714793225109587,0.24176010724730806,0.0,7.47852260288318e-44,1.3522039430107432e-26,0.0,0.41598156053939256
23.44,0.0043169146056082405,0.000635512429055728,0.0,2.3049867744837596e-18,0.00013025275883436738,0.025156634266990028,0.2507352762893298,0.0,4.869571928250395e-44,1.4287393265971567e-26,0.0,0.4455859155293155
23.45,0.007765850939042488,0.0004172205050073747,0.0,3.3950736850558603e-18,0.00014869645864006343,0.03918420872522706,0.2512856903402228,0.0,2.3861550352111887e-44,1.36402217694592e-26,0.0,0.46670979891452413
23.46,0.01125087258679394,9.401806881469306e-05,0.0,4.397095570142724e-18,0.00015557827421835873,0.05404485929408338,0.24305442495145868,0.0,2.1910840694439966e-45,1.1935924836795116e-26,0.0,0.47797526652445815
23.47,0.014388792862410226,-0.0003263884489411817,0.0,5.175230195522006e-18,0.00014703233561411922,0.06879759503513343,0.22640855497108212,0.0,-1.5087870393815527e-44,9.547271099908132e-27,0.0,0.478639155411854
23.48,0.016731952786974803,-0.0008234512109815028,0.0,5.582055923978706e-18,0.00011986891247627188,0.082385630117752,0.20241995717826874,0.0,-2.7391598603536535e-44,6.828093980072952e-27,0.0,0.4686425630435551
23.49,0.01780126714427624,-0.0013626241746618488,0.0,5.4718877665710136e-18,7.210985280390415e-05,0.09373913038220374,0.17277224338524133,0.0,-3.469535033963885e-44,4.086323537040224e-27,0.0,0.4486089249464291
23.5,0.017132083614650087,-0.0018954520393967785,0.0,4.717554232186377e-18,3.533125665840995e-06,0.10190086013827077,0.1396027351973806,0.0,-3.741728503999637e-44,1.566740258565979e-27,0.0,0.4197953988067331
23.51,0.014331418757130105,-0.002361229656773375,0.0,3.229704898902414e-18,-8.383153299855061e-05,0.10616056553591707,0.10530127797616111,0.0,-3.6288192535591775e-44,-5.570957485157295e-28,0.0,0.38400987643119044
23.52,0.009143566890533625,-0.00269046939066464,0.0,9.772244294627473e-19,-0.00018532400287904054,0.10617624943631102,0.0722956829247103,0.0,-3.2221401655108706e-44,-2.1829742839393717e-27,0.0,0.34350552449706157
23.53,0.0015194467493302116,-0.0028102768732402904,0.0,-1.993162112199255e-18,-0.00029346560619254475,0.10205489128909928,0.042851158534875984,0.0,-2.6194224567884325e-44,-3.2738915417734495e-27,0.0,0.3008528962107852
23.54,-0.008316475170060874,-0.00265155056646937,0.0,-5.540413885524757e-18,-0.0003980333473802951,0.09436777253769099,0.018902232180702302,0.0,-1.9148874871352596e-44,-3.847498084298172e-27,0.0,0.2587802618429454
23.55,-0.01980906436836365,-0.002157695123841813,0.0,-9.418402922553934e-18,-0.00048645870865854607,0.08409033061042594,0.0019264829130305823,0.0,-1.1917413896580196e-44,-3.96299437974009e-27,0.0,0.21997961983190692
23.56,-0.032033271307491985,-0.0012942868728790717,0.0,-1.3273450723735309e-17,-0.0005445937850681024,0.07247749193633636,-0.007137349870554251,0.0,-5.172213113273879e-45,-3.707160849221388e-27,0.0,0.18689436326089587
23.57,-0.04368076994772741,-5.887259673278854e-05,0.0,-1.665252012269533e-17,-0.0005578582411215048,0.06090054611997327,-0.007928375011628255,0.0,5.991277338351491e-46,-3.18092833998837e-27,0.0,0.1615182181604822
23.58,-0.05307949707667529,0.0015101528826725115,0.0,-1.9023818563179355e-17,-0.0005127419137737111,0.05067486449315901,-0.000662969921847048,0.0,5.097383599617349e-45,-2.487550283723938e-27,0.0,0.14523508719181405
23.59,-0.05825103965598825,0.003326827303762838,0.0,-1.981062014524049e-17,-0.0003985916555915665,0.04290295975333879,0.013901855620553415,0.0,8.198055626937746e-45,-1.7230731380784285e-27,0.0,0.13872048925580893
23.6,-0.05700764202456469,0.005254391767903253,0.0,-1.8437819337232408e-17,-0.0002095603090218837,0.038350482643603016,0.03453813940280443,0.0,9.92531457067287e-45,-9.694531977075876e-28,0.0,0.1419149255627687
23.61,-0.04708641593594377,0.00710685770067389,0.0,-1.4389144858237022e-17,5.3455042564123574e-05,0.03736644860424398,0.059647143856508655,0.0,1.0418441339202078e-44,-2.903625897316233e-28,0.0,0.15407073443300645
23.62,-0.02631339162408029,0.008656499626903779,0.0,-7.27119415837382e-18,0.0003811035658440063,0.03985361382361427,0.08738713639124415,0.0,9.895289155868062e-45,2.7051718569129603e-28,0.0,0.17386660021377803
23.63,0.007215204235090826,0.009648056742671678,0.0,3.1213427646189616e-18,0.0007543510011132115,0.04529025988293299,0.11582404448171067,0.0,8.616595623157309e-45,6.890909104941101e-28,0.0,0.1995769695641114
23.64,0.05495196082524309,0.009819902749881456,0.0,1.6746504053209907e-17,0.001143994971703495,0.05280041320957994,0.1430963916795295,0.0,6.854088892972155e-45,9.588163296838046e-28,0.0,0.22927634279377154
23.65,0.11773878654424032,0.008931754648388532,0.0,3.327030971086268e-17,0.0015111788244708978,0.06126540138080377,0.16757999527056577,0.0,4.8643773279627485e-45,1.087564374043451e-27,0.0,0.26105044647343756
23.66,0.19569149567040836,0.006797670387323892,0.0,5.204525135784765e-17,0.0018091146689380205,0.06946532227132027,0.18803184387773483,0.0,2.8696850231999377e-45,1.0938817824540473e-27,0.0,0.29317985394483975
23.67,0.28814892169694056,0.0033221894401869213,0.0,7.212018783156918e-17,0.0019861485058767594,0.07623420947344167,0.20369096665665,0.0,1.04567161091359e-45,1.0031096693514845e-27,0.0,0.32426238573410765
23.68,0.3936999312820211,-0.0014634197717080027,0.0,9.228783659275836e-17,0.0019901869311687373,0.08060758854575203,0.2143203062370714,0.0,-4.8409578105502735e-46,8.437282677408225e-28,0.0,0.3532525510871009
23.69,0.5102886585680484,-0.007368624289375117,0.0,1.1117246114218398e-16,0.0017743588983662843,0.08193778794631122,0.22018517459235273,0.0,-1.6479414499565154e-45,6.441999759897783e-28,0.0,0.37941555402904004
23.7,0.6353805108288173,-0.014019179477357768,0.0,1.2735495614852082e-16,0.001303614886134834,0.07995545762038316,0.22197618053570636,0.0,-2.42138023009972e-45,4.304816622090374e-28,0.0,0.4022132296391887
23.71,0.7661554207855791,-0.020845356933818157,0.0,1.3952521741993685e-16,0.0005617818000616247,0.07476823833420375,0.22069609308256155,0.0,-2.81928000095124e-45,2.242824395163736e-28,0.0,0.4211572057228806
23.72,0.8996901013312599,-0.027087179092493936,0.0,1.4664275015456186e-16,-0.0004415879839578233,0.06680463182967068,0.2175388448192376,0.0,-2.886237041952205e-45,4.206175125155222e-29,0.0,0.4356773560316982
23.73,1.0331020869092429,-0.031820176912001584,0.0,1.4807793866925312e-16,-0.0016653897805861285,0.05672312446730322,0.2137890253702133,0.0,-2.6863847146783448e-45,-1.053011065858262e-28,0.0,0.4450531957783983
23.74,1.1636488261371996,-0.03400375512254016,0.0,1.437033320789799e-16,-0.003033083951990607,0.045308817985412024,0.21075886992153983,0.0,-2.2936474249215492e-45,-2.1227910633469486e-28,0.0,0.4484382156595296
23.75,1.2887935310259322,-0.03255220160838515,0.0,1.339121594057071e-16,-0.00443171107786522,0.03337536935334929,0.20976094283651933,0.0,-1.7831988112779978e-45,-2.780492931469724e-28,0.0,0.4449776583857946
23.76,1.4062578019392475,-0.02642578871609955,0.0,1.1955952955278272e-16,-0.005714692770598119,0.021683836013222543,0.21209562829741146,0.0,-1.2246171769692988e-45,-3.0556991005197536e-28,0.0,0.43398872710197506
23.77,1.5140768922225984,-0.014736448481475083,0.0,1.0184191470978424e-16,-0.006709123908421895,0.010884406300652752,0.2190211009149054,0.0,-6.7697833957850435e-46,-3.005217226113837e-28,0.0,0.41514971982270965
23.78,1.6106594155815819,0.003140576755572642,0.0,8.214292695252452e-17,-0.007227952687818533,0.0014824560418939781,0.23167735028254535,0.0,-1.859056837077581e-46,-2.702349365648214e-28,0.0,0.38864206129862017
23.79,1.6948373214164967,0.027460538806747457,0.0,6.18748034213371e-17,-0.007087008316066736,-0.006173031637827232,0.2509565574496801,0.0,2.175783075257633e-46,-2.2269868825386002e-28,0.0,0.355209570547165
23.8,1.7658847768440578,0.05802199861249547,0.0,4.2338750907817677e-17,-0.0061262865852926085,-0.011882929579859496,0.2773397726782869,0.0,5.1667952373970634e-46,-1.657223483200608e-28,0.0,0.31613053502866256
23.81,1.8234912031304924,0.09411308776702276,0.0,2.461848374176259e-17,-0.004234271496479166,-0.015578798488054765,0.3107389359126566,0.0,7.072930020532828e-46,-1.062899457529678e-28,0.0,0.2731209736228009
23.82,1.8676887816740448,0.13450469821864192,0.0,9.513168481308485e-18,-0.0013734043008652539,-0.017296894733056005,0.3503856707470562,0.0,7.956784986892348e-46,-5.0123378038062866e-29,0.0,0.22819247304908066
23.83,1.8987485678471834,0.17750068426515822,0.0,-2.4903499761377226e-18,0.0023958258782174886,-0.017150727852033455,0.3947984693154402,0.0,7.95720397872561e-46,-1.4484836680699538e-30,0.0,0.183482652981389
23.84,1.9170662717714895,0.22104873758597401,0.0,-1.1210631935284123e-17,0.006895225136278123,-0.015306537079374549,0.44184639548839194,0.0,7.26099725788044e-46,3.7058451486885737e-29,0.0,0.14107341891453518
23.85,1.923058869016575,0.2629058397765399,0.0,-1.673737636321905e-17,0.011817061622696932,-0.011964674455753912,0.4889120863266559,0.0,6.076444083111951e-46,6.417723317165107e-29,0.0,0.10281487467257369
23.86,1.917089049585427,0.3008401311325038,0.0,-1.9378411966728548e-17,0.016723497720866603,-0.007348315505394822,0.5331368373882431,0.0,4.6105202017843835e-46,7.994260519243322e-29,0.0,0.07017493237662163
23.87,1.8994282197074686,0.3328404272550302,0.0,-1.959662377641557e-17,0.021060417123312677,-0.0016993505775853178,0.5717092472043961,0.0,3.051055836404334e-46,8.537578837705894e-29,0.0,0.04413165635981631
23.88,1.8702613931935699,0.3573008846666318,0.0,-1.7944672148765002e-17,0.024188039363145227,0.004720090867505296,0.6021470524236043,0.0,1.5543431729717532e-46,8.218644744654467e-29,0.0,0.02511851758686636
23.89,1.8297295826601347,0.3731540081801105,0.0,-1.500395097457276e-17,0.025429522259013893,0.011623115235192211,0.622526383604593,0.0,2.3812556365814418e-47,7.247742875388628e-29,0.0,0.013025148207893666
23.9,1.7779981948235097,0.3799372464058067,0.0,-1.1332509533828808e-17,0.02413711822949409,0.01869381229811851,0.6316295513651067,0.0,-8.205560971654267e-47,5.847752875339435e-29,0.0,0.007249649624464046
23.91,1.7153345980690828,0.37779123119044333,0.0,-7.424864230679025e-18,0.01977343928138584,0.02558664359315651,0.6290019916963854,0.0,-1.5834985986249582e-46,4.23197569148046e-29,0.0,0.006793639523800238
23.92,1.6421756773728777,0.36739768216682483,0.0,-3.6849387269591166e-18,0.012003123372426778,0.0319323136295751,0.6149246587452585,0.0,-2.046466366824781e-46,2.587488084151009e-29,0.0,0.01038802696147722
23.93,1.5591682204927788,0.3498714286265079,0.0,-4.1192634602011047e-19,0.0007878694941927814,0.03735177159395656,0.5903183726000737,0.0,-2.2323780634773093e-46,1.0643132088327673e-29,0.0,0.01663555851172418
23.94,1.4671729721946944,0.32662453196643837,0.0,2.2022529307039382e-18,-0.013524334475008042,0.041478114995834654,0.5566021001224611,0.0,-2.18355726360594e-46,-2.2987487488732892e-30,0.0,0.024154914466666757
23.95,1.367237422023102,0.29922184382604683,0.0,4.0659943581558876e-18,-0.03012663757296696,0.043983748190864015,0.515528899154875,0.0,-1.9539234999286555e-46,-1.23021965123992e-29,0.0,0.03171023453347223
23.96,1.2605579806314686,0.2692465848559758,0.0,5.1740595817074914e-18,-0.04770913382175672,0.04460796173346577,0.46902196862966594,0.0,-1.6018198464998012e-46,-1.9113034681763474e-29,0.0,0.038310189427204204
23.97,1.148457965266894,0.23819083502166039,0.0,5.589252200534694e-18,-0.06445456434746878,0.0431797903588206,0.4190290512101572,0.0,-1.183970253782667e-46,-2.2810311519695573e-29,0.0,0.04326435240634273
23.98,1.0323956686175522,0.20737880329015768,0.0,5.422182453613292e-18,-0.07808384098770814,0.039633661987399524,0.3674066696637494,0.0,-7.508566395703643e-47,-2.3728903421871235e-29,0.0,0.046193080140455006
23.99,0.913993888337815,0.17792243783296727,0.0,4.811247576539613e-18,-0.08595818427450609,0.03401945073511607,0.3158379891498512,0.0,-3.436201252554807e-47,-2.2376093658349668e-29,0.0,0.04699762927697203
24.0,0.7950659093501475,0.15070288267493018,0.0,3.9044982687908724e-18,-0.08523993412387604,0.02651092651426351,0.26578188557756527,0.0,7.56468814227858e-49,-1.9350703026832652e-29,0.0,0.04580442334997102
24.01,0.6776121233947754,0.1263692362608791,0.0,2.8445530485666215e-18,-0.0731078865548556,0.017415775569049035,0.2184473464452941,0.0,2.838116440715338e-47,-1.527131161898252e-29,0.0,0.0428986518613536
24.02,0.5637716289516387,0.10534707038597957,0.0,1.757217198626666e-18,-0.04701568448047993,0.007187510098895878,0.17478626929611552,0.0,4.767887289239541e-47,-1.0717932063983422e-29,0.0,0.0386594668329772
24.03,0.4557264087700542,0.08785157767536492,0.0,7.440054280163271e-19,-0.00497394661470111,-0.0035635571315330294,0.13549819027609397,0.0,5.872152142653745e-47,-6.1893949148237064e-30,0.0,0.03350466906756471
24.04,0.3555681562231975,0.07390308116832586,0.0,-1.2161230717802316e-19,0.05417067634023468,-0.01406559786922095,0.10104191396368288,0.0,6.228843459365679e-47,-2.076853342618923e-30,0.0,0.02784835872188409
24.05,0.2651477458292155,0.06334535094758094,0.0,-7.947070768350684e-19,0.13049234644235053,-0.02339354067060366,0.07165099868744847,0.0,5.964850117002382e-47,1.3476828214800082e-30,0.0,0.02207125670484752
24.06,0.1859322491123412,0.055868944708757175,0.0,-1.25677920692623e-18,0.22281479336269172,-0.03049685153585709,0.04735200712070258,0.0,5.234555847350137e-47,3.9299587303999275e-30,0.0,0.01650114239590586
24.07,0.1188924110432881,0.05104199415790126,0.0,-1.5117776493992115e-18,0.3286467994849886,-0.034251237429291204,0.027985799072834213,0.0,4.2005100246153635e-47,5.622072072329686e-30,0.0,0.011400645768695445
24.08,0.06443613053259,0.04834967753266791,0.0,-1.5809958702649443e-18,0.44425211103252976,-0.03353516463733862,0.01323268910499773,0.0,3.017471804157726e-47,6.464172630243314e-30,0.0,0.006960788875184755
24.09,0.02239467239592488,0.047241860842166486,0.0,-1.497529615796056e-18,0.5648673197712976,-0.027328164269108012,0.0026420912849893755,0.0,1.8205108500168179e-47,6.562324713314553e-30,0.0,0.0032997303638838686
24.1,-0.00793937694438153,0.04718665512533025,0.0,-1.3008748440324883e-18,0.6850605796860906,-0.014824256657908512,-0.004333519825290704,0.0,7.173482893164501e-48,6.0652818349114965e-30,0.0,0.000466382656898724
24.11,-0.027729748162774237,0.04772607705041014,0.0,-1.0321092334339154e-18,0.7991999410594456,0.0044494503551349715,-0.008301626275343983,0.0,-2.1528847786117923e-48,5.142436735337372e-30,0.0,-0.0015517408350105035
24.12,-0.03848191125259526,0.04852874227320119,0.0,-7.299556354261183e-19,0.9019778664282909,0.030521817223622464,-0.009891952685239557,0.0,-9.318269614032259e-48,3.96462831735079e-30,0.0,-0.0028174487651225866
24.13,-0.04191110527207421,0.04943380531048022,0.0,-4.278854313688496e-19,0.9889234487613269,0.06288935525518219,-0.009720776993034317,0.0,-1.41524951611141e-47,2.68888132939682e-30,0.0,-0.003430797379636471
24.14,-0.03980792269916938,0.05048034786945816,0.0,-1.522952688618354e-19,1.0568296144317055,0.1004663418728738,-0.008359869868844152,0.0,-1.6725436310865002e-47,1.4475828374374307e-30,0.0,-0.0035153261244641196
24.15,-0.03391448355459557,0.05191713757451035,0.0,7.831040232727168e-20,1.1040311681918424,0.14158805421761436,-0.006312066613417048,0.0,-1.729013184869859e-47,3.4210454539108652e-31,0.0,-0.0032048219077353097
24.16,-0.02582107271709267,0.0541891116959354,0.0,2.532723210931609e-19,1.1304918772063846,0.18407809612854203,-0.003994652767456462,0.0,-1.6221895389822581e-47,-5.595110611744871e-31,0.0,-0.0026316102092061202
24.17,-0.01688942759769231,0.05789906746995077,0.0,3.6905202666446557e-19,1.1376931322054125,0.225383911483701,-0.0017308823763641803,0.0,-1.395960099053624e-47,-1.2214577034161502e-30,0.0,-0.001917076634422792
24.18,-0.008205217576198399,0.06374579491117027,0.0,4.2803689089777926e-19,1.1283549588984783,0.26277441347826086,0.00025082680806671494,0.0,-1.0953823078879565e-47,-1.6364816603286345e-30,0.0,-0.0011648062266145544
24.19,-0.0005590499811251759,0.07244295930457233,0.0,4.37078805370013e-19,1.1060487777407946,0.29358207614987547,0.0018110859481099157,0.0,-7.62492060663079e-48,-1.820477852759678e-30,0.0,-0.00045642998553890326
24.2,0.005547184979259581,0.084625769393937,0.0,4.0595085755940753e-19,1.0747705741939213,0.3154634333719538,0.002888587162947894,0.0,-4.3326313381008884e-48,-1.806202531255694e-30,0.0,0.00014998375617160885
24.21,0.009873544156105618,0.10075436080328982,0.0,3.458745054689859e-19,1.0385346375875375,0.32664974347168235,0.0034856873085451676,0.0,-1.3574034551297657e-48,-1.6368397686915116e-30,0.0,0.00061934515216066
24.22,0.012400676299098426,0.12102424000388613,0.0,2.682313184749845e-19,1.0010308339948175,0.32615941701620327,0.0036522101601077737,0.0,1.1073838215754283e-48,-1.360015837702094e-30,0.0,0.0009372395626757828
24.23,0.013279924748173327,0.14529563201933468,0.0,1.8353305846981895e-19,0.9653702541852011,0.31393963116838014,0.003469016591610616,0.0,2.9539326534652325e-48,-1.02269069907696e-30,0.0,0.0011064346272997387
24.24,0.012780540679564542,0.1730543259044876,0.0,1.0068564822613694e-19,0.9339283679401119,0.2909016428944445,0.003032646408874962,0.0,4.1513622273196776e-48,-6.671882675675088e-31,0.0,0.0011427250519044612
24.25,0.011238834586102076,0.20341463659416434,0.0,2.6549322230458554e-20,0.9082824152772139,0.2588272699124437,0.0024420245877441555,0.0,4.7321439489590856e-48,-3.284720956898169e-31,0.0,0.0010705943904974822
24.26,0.009012999089913293,0.23516977875368997,0.0,-3.422916288652102e-20,0.8892308570061034,0.2201559549429457,0.0017878892624965043,0.0,4.775860034681117e-48,-3.264154342232008e-32,0.0,0.0009190926686193969
24.27,0.006446127081782186,0.2668881620847006,0.0,-7.915509883485072e-20,0.8768771757212342,0.17769501963136475,0.0011452726891494401,0.0,4.39227330082434e-48,2.0347806088705224e-31,0.0,0.0007182296696075767
24.28,0.003838758310926025,0.2970480776635107,0.0,-1.0764902520581502e-19,0.8707578139850622,0.1343100545463849,0.0005690748968554739,0.0,3.7053358261096975e-48,3.71846772397576e-31,0.0,0.0004960786734259692
24.29,0.0014312180571023504,0.32419814226921384,0.0,-1.2069237117921961e-19,0.8699940480107755,0.0926453402695116,9.252919149576187e-05,0.0,2.839337723187416e-48,4.720556987290357e-31,0.0,0.0002766849094159481
24.3,-0.0006048660658726831,0.34712535296591657,0.0,-1.2041141747469192e-19,0.8734495228757573,0.0549069233852618,-0.00027182299617548955,0.0,1.9079558586677403e-48,5.0974882294212095e-31,0.0,7.878488198817813e-05
24.31,-0.0021671302794198577,0.3650060608294978,0.0,-1.0964903899005827e-19,0.8798783967354241,0.022723580707398015,-0.000529152455470557,0.0,1.0065478065354815e-48,4.948487704485707e-31,0.0,-8.472777766302304e-05
24.32,-0.0032167917453175894,0.3775103586401505,0.0,-9.156429831222253e-20,0.8880529664977158,-0.0029128691160739584,-0.0006979292911072966,0.0,2.0767921917427155e-49,4.397832939781135e-31,0.0,-0.00020670465419530602
24.33,-0.0037685647259906863,0.3848340647913683,0.0,-6.928904820233695e-20,0.8968637594765089,-0.021636216187009345,-0.0008046684161861281,0.0,-4.404077392635595e-49,3.5786757009479025e-31,0.0,-0.00028515781584391437
24.34,-0.00387800824499462,0.3876491079597594,0.0,-4.5659544390527955e-20,0.9053889587865843,-0.0336378873960271,-0.0008784078828084474,0.0,-9.128728662831542e-49,2.61950959413685e-31,0.0,-0.0003223439957266025
24.35,-0.0036279679440088517,0.38698613690146744,0.0,-2.303069699179042e-20,0.9129333824222033,-0.039559711113295724,-0.0009454495194602414,0.0,-1.2055027973247434e-48,1.6339075277299448e-31,0.0,-0.00032366910245223675
24.36,-0.0031154976510648818,0.38407906218116206,0.0,-3.1717418663680996e-21,0.9190398692609377,-0.040365162309836375,-0.0010248267818510947,0.0,-1.3307172427588382e-48,7.13735792942135e-32,0.0,-0.00029654777271684557
24.37,-0.002440307930236567,0.3802034609927676,0.0,1.2764756002062811e-20,0.9234777572724774,-0.037205302908677365,-0.0011248865937637594,0.0,-1.3129639237978703e-48,-7.429653427126495e-33,0.0,-0.000249327834187395
24.38,-0.0016954316353621707,0.37653381046780954,0.0,2.4213363512813618e-20,0.9262141770031391,-0.03129282621650382,-0.00124128385228247,0.0,-1.184034603825754e-48,-6.891562418141376e-32,0.0,-0.00019036042738680698
24.39,-0.0009604551868088192,0.3740352479992118,0.0,3.1121093770737394e-20,0.9273742031133697,-0.02379411533757945,-0.0013565905715907948,0.0,-9.787289165930358e-49,-1.113647388519998e-31,0.0,-0.00012726657007348845
24.4,-0.0002973651837724752,0.37339725469781626,0.0,3.3843659811257766e-20,0.9271956318309927,-0.01574553290279411,-0.0014416161210899386,0.0,-7.311720007176055e-49,-1.3508749688720294e-31,0.0,-6.642292062064436e-05
24.41,0.00025117986752187153,0.3750099605367879,0.0,3.302789543225287e-20,0.925983432178704,-0.007996668339997647,-0.00145841980611572,0.0,-4.719699976531482e-49,-1.4196794628726595e-31,0.0,-1.266543805748303e-05
24.42,0.000661515157216351,0.3789787074989448,0.0,2.949356104770526e-20,0.9240679104272621,-0.0011802621154322144,-0.0013648717487689842,0.0,-2.262751994294321e-49,-1.3496595676605928e-31,0.0,3.0809197502516074e-05
24.43,0.0009270388884051455,0.38516901992473423,0.0,2.4125010727856183e-20,0.9217694788175739,0.004293823126769765,-0.0011204838917956421,0.0,-1.2737823082739842e-50,-1.1763058977608516e-31,0.0,6.237761303893676e-05
24.44,0.0010551927348018072,0.3932720921678254,0.0,1.7780117687351368e-20,0.9193717599449168,0.008224833129754349,-0.0006930938689216718,0.0,1.567513531464366e-49,-9.366481576065131e-32,0.0,8.179981926199813e-05
24.45,0.0010638487730241536,0.40288014516666976,0.0,1.1220780246068844e-20,0.9171036892807751,0.010592699758001214,-6.584775398368482e-05,0.0,2.7667223087257604e-49,-6.656882133417844e-32,0.0,8.994820296969333e-05
24.46,0.0009775453109924137,0.4135613436829985,0.0,5.066527132811389e-21,0.915130372115877,0.01152035923995965,0.0007561956922617878,0.0,3.470111951819153e-49,-3.937650785184997e-32,0.0,8.84963339770551e-05
24.47,0.0008239335840054968,0.42492523048963765,0.0,-2.296022407607276e-22,0.9135517499535875,0.011231918585717812,0.0017406122775292653,0.0,3.720976837324958e-49,-1.4488537070692108e-32,0.0,7.960335112161846e-05
24.48,0.0006307021772501925,0.43667167276806007,0.0,-4.385502394533232e-21,0.9124076503469387,0.010011097093093535,0.002824134964240852,0.0,3.593066509139756e-49,6.403881416720361e-33,0.0,6.562251169730434e-05
24.49,0.0004231476889341912,0.4486190137490788,0.0,-7.27854353314475e-21,0.9116875263890091,0.008163438154388566,0.003911963570537929,0.0,3.1776887062595656e-49,2.2316981586376813e-32,0.0,4.8854324613237735e-05
24.5,0.00022246786551789277,0.46071040110750955,0.0,-8.922576914915372e-21,0.911343114018942,0.00598473966990209,0.004880581403018977,0.0,2.5720031397730373e-49,3.2910930844175615e-32,0.0,3.135646276785145e-05
24.51,4.4774015399934924e-05,0.4730010795942828,0.0,-9.437856640548083e-21,0.9113023128980041,0.003737106367849937,0.005584613309378494,0.0,1.8692788843023796e-49,3.8383385322689366e-32,0.0,1.4815097608664779e-05
24.52,-9.924282805393144e-05,0.4856335556471948,0.0,-9.018008957453533e-21,0.9114827907864592,0.0016330763034064846,0.005867973966050692,0.0,1.1515529021393918e-49,3.933850896544342e-32,0.0,4.759376433518777e-07
24.53,-0.00020410092844663194,0.49881066244155164,0.0,-7.897564892287621e-21,0.9118040829071755,-0.0001725189866162403,0.005579171521440155,0.0,4.848244989709827e-50,3.6648111281913684e-32,0.0,-1.0871612325355317e-05
24.54,-0.00026890566835167907,0.5127758543526487,0.0,-6.322779116096007e-21,0.9121972710524748,-0.0015838990887923048,0.004590164139872818,0.0,-8.332998371869445e-51,3.1318726039691505e-32,0.0,-1.8867013854593194e-05
24.55,-0.0002964575441871622,0.5278038041203993,0.0,-4.5275943884656336e-21,0.9126116524900487,-0.0025602137575342987,0.0028176432887381904,0.0,-5.240253213828185e-50,2.4375009704955158e-32,0.0,-2.351943011194945e-05
24.56,-0.0002922254429406844,0.5441956042783116,0.0,-2.7157672535378095e-21,0.9130181235198191,-0.0031074796794298924,0.00024507983043004037,0.0,-8.256427102286287e-50,1.6766214765306923e-32,0.0,-2.5128719854555285e-05
24.57,-0.0002633035394343217,0.562267654991217,0.0,-1.0494165172966197e-21,0.9134092914929485,-0.00326811864956865,-0.003056627340273772,0.0,-9.911949714643788e-50,9.299044487184168e-33,0.0,-2.4197700039004875e-05
24.58,-0.00021744656718792804,0.5823246506920663,0.0,3.5636149924388626e-22,0.9137965832146318,-0.003109522620013857,-0.006912448809855366,0.0,-1.0349682302712787e-49,2.597187013764691e-33,0.0,-2.134520218738045e-05
24.59,-0.00016225132181350754,0.604613139424935,0.0,1.4336226991287396e-21,0.9142048326984366,-0.002712853651397831,-0.011033224844412068,0.0,-9.78887067285298e-50,-2.9145716848448017e-33,0.0,-1.7227364085400656e-05
24.6,-0.00010452510784461072,0.6292599854029857,0.0,2.1575500192853196e-21,0.9146650059355356,-0.002163010015667922,-0.015015079649612982,0.0,-8.489798061725443e-50,-7.00546376340475e-33,0.0,-1.2472303978310404e-05
24.61,-4.985686860083565e-05,0.6562079868241999,0.0,2.5395044262295323e-21,0.9152058544254574,-0.0015403902178284057,-0.018350599301771367,0.0,-6.722321709821856e-50,-9.617904975109353e-33,0.0,-7.63106462807293e-06
24.62,-2.385669999443407e-06,0.6851667796841378,0.0,2.6183787689803358e-21,0.9158453817896989,-0.0009147954518233863,-0.020453399621691865,0.0,-4.740225893548483e-50,-1.0835906955988349e-32,0.0,-3.1456799191620585e-06
24.63,3.525493769448644e-05,0.7155970696781877,0.0,2.4513702793434535e-21,0.9165830561495697,-0.0003415516703629115,-0.020696609681241627,0.0,-2.762406251164641e-50,-1.0847775666018716e-32,0.0,6.664623387664093e-07
24.64,6.184900864519239e-05,0.7467376849813924,0.0,2.105102408784582e-21,0.917393700062387,0.00014027906456525423,-0.01846434288479461,0.0,-9.610876198515407e-51,-9.907569673460277e-33,0.0,3.6140393917056266e-06
24.65,7.740479685217106e-05,0.7776717800234576,0.0,1.6477992707927491e-21,0.9182239325582267,0.0005078836054120805,-0.013213493663363687,0.0,5.433808490845741e-51,-8.298954340696861e-33,0.0,5.621877328298477e-06
24.66,8.289509951183447e-05,0.8074186504361964,0.0,1.1429750758317913e-21,0.9189919160147575,0.0007532622115698334,-0.004541312349564335,0.0,1.6820887811979476e-50,-6.304109216376631e-33,0.0,6.712965126268957e-06
24.67,7.996808936415211e-05,0.8350349703098512,0.0,6.448705354902653e-22,0.9195909667026039,0.0008807988892055767,0.007747639207723139,0.0,2.432717361945183e-50,-4.179341583515586e-33,0.0,6.985680130208713e-06
24.68,7.066018952749009e-05,0.8597115015098522,0.0,1.9566622766031995e-22,0.919897317165573,0.0009042607589520889,0.023583119908592073,0.0,2.8116388961745045e-50,-2.1381224878468515e-33,0.0,6.589231318348761e-06
24.69,5.7135691971772e-05,0.8808547620047422,0.0,-1.7565897571866554e-22,0.9197819719227627,0.0008436100679545025,0.04258839869471888,0.0,2.8643004699207554e-50,-3.414603380906307e-34,0.0,5.699846869045101e-06
24.7,4.147025550795179e-05,0.8981461898512072,0.0,-4.5307242148552515e-22,0.9191261839668722,0.0007219476901735723,0.06406607373315129,0.0,2.6550963974021463e-50,1.105097169398303e-33,0.0,4.499633023817478e-06
24.71,2.5487953974993065e-05,0.9115739394727389,0.0,-6.321529712316462e-22,0.9178396168897818,0.0005628279804540006,0.08701846086785371,0.0,2.257724094764836e-50,2.1489722561866212e-33,0.0,3.159389849510891e-06
24.72,1.065481247643199e-05,0.9214348954404258,0.0,-7.180221689084784e-22,0.9158797762610419,0.000388101581939641,0.11020779055379047,0.0,1.746765338218209e-50,2.7839563276190776e-33,0.0,1.8260512287757404e-06
24.73,-1.973796484098422e-06,0.928307137339982,0.0,-7.228776444790443e-22,0.9132708357296008,0.00021636342827013796,0.13225689551857767,0.0,1.190970675446889e-50,3.0409463502465728e-33,0.0,6.148704855646709e-07
24.74,-1.1758683860336423e-05,0.9329963163837964,0.0,-6.634287952979627e-22,0.9101196000768768,6.201385127348229e-05,0.1517844359318949,0.0,6.484746247251454e-51,2.977392437401055e-33,0.0,-3.939680344422933e-07
24.75,-1.8444773886167803e-05,0.9364635885209383,0.0,-5.584798821722796e-22,0.9066260982420905,-6.511465095853991e-05,0.1675598682427631,0.0,1.6395213913007383e-51,2.6666529326302245e-33,0.0,-1.1549509220114563e-06
24.76,-2.2102192895703106e-05,0.9397478166231947,0.0,-4.268409265245771e-22,0.9030862457749211,-0.00015965192240186758,0.17865295236756137,0.0,-2.3244533215438695e-51,2.1882083623323447e-33,0.0,-1.6538868892589644e-06
24.77,-2.3051350930597366e-05,0.9438984647470786,0.0,-2.856799491035979e-22,0.8998842158775127,-0.0002202163971118545,0.184544597571676,0.0,-5.2465743838212346e-51,1.6194092321800904e-33,0.0,-1.9025244167095432e-06
24.78,-2.1781959748688648e-05,0.9499326849911182,0.0,-1.493674438431063e-22,0.8974726570033686,-0.00024869242925833706,0.1851689015554147,0.0,-7.091405056031453e-51,1.0291556189798836e-33,0.0,-1.9320371076126135e-06
24.79,-1.88743585316005e-05,0.9588172873126232,0.0,-2.8810128456630634e-23,0.896339718250063,-0.00024937460034219573,0.18087585486577587,0.0,-7.925304531966716e-51,4.736532422354352e-34,0.0,-1.7861864956277342e-06
24.8,-1.492954603731212e-05,0.9714595250358001,0.0,6.87711899770458e-23,0.8969629877243702,-0.00022808203444920432,0.1723317630886863,0.0,-7.889089293084157e-51,-5.8216665737953536e-36,0.0,-1.514829023820416e-06
24.81,-1.0512202473968464e-05,0.9886816754056517,0.0,1.3969412024816635e-22,0.8997518729773474,-0.00019132658909039286,0.16039239410773246,0.0,-7.169958944475281e-51,-3.8337790515724625e-34,0.0,-1.1682627739957627e-06
24.82,-6.108941388359611e-06,1.011158978903568,0.0,1.8338865075290704e-22,0.9049815732569662,-0.00014559633682063348,0.14598364491057297,0.0,-5.975299578178567e-51,-6.4752175969161e-34,0.0,-7.927312018560258e-07
24.83,-2.1022248682569707e-06,1.0393149625397768,0.0,2.0178877659047358e-22,0.912723482584045,-9.679267262039981e-05,0.13001177301218392,0.0,-4.510260699609377e-51,-7.99118039185281e-34,0.0,-4.272327544451885e-07
24.84,1.241087384036082e-06,1.0731861489410017,0.0,1.986336084375799e-22,0.9227784497050485,-4.983782724096234e-05,0.11330904850965351,0.0,-2.960270420438968e-51,-8.487005432587902e-34,0.0,-1.0163944767145589e-07
24.85,3.7686478071679244e-06,1.112283671671541,0.0,1.7875828554791999e-22,0.9346206000002146,-8.451101640224458e-06,0.09660703070920021,0.0,-1.478975013031188e-51,-8.135049876420091e-34,0.0,1.6398774984926571e-07
24.86,5.431737457545879e-06,1.1554849712647854,0.0,1.4743891952699848e-22,0.9473601685291428,2.492227477058412e-05,0.080523285107537,0.0,-1.815112886023927e-52,-7.145428117301327e-34,0.0,3.590799229423358e-07
24.87,6.267613179955578e-06,1.2009800092035794,0.0,1.098374819736237e-22,0.9597337749187864,4.9055714574451216e-05,0.06555075440498392,0.0,8.574271893562823e-52,-5.739633670827713e-34,0.0,4.814777927972132e-07
24.88,6.378062428493883e-06,1.246279743887087,0.0,7.057408982166778e-23,0.970129587649273,6.379089325658996e-05,0.052048139876378616,0.0,1.6015746789859616e-51,-4.128743961299224e-34,0.0,5.358420905331942e-07
24.89,5.906845032778435e-06,1.2882834275771218,0.0,3.343718391328635e-23,0.9766527321448099,6.98256657307898e-05,0.040236298014789784,0.0,2.0481403019410065e-51,-2.4971465787634412e-34,0.0,5.318031448193161e-07
24.9,5.018231964937146e-06,1.3234022157016194,0.0,1.2278059871158332e-24,0.9772330395153916,6.847189359130067e-05,0.030205636697545023,0.0,2.2209724012452402e-51,-9.92043742486741e-35,0.0,4.820668163931562e-07
24.91,3.878287709418059e-06,1.3477449024044936,0.0,-2.4276756489714998e-23,0.9697728817359784,6.141074548118229e-05,0.02193513831911814,0.0,2.1628367640269925e-51,2.8156839017346453e-35,0.0,4.0065180989319955e-07
24.92,2.6399544186614986e-06,1.35737752599164,0.0,-4.226202161018763e-23,0.9523276221082807,5.0467424727345663e-05,0.015319090602847394,0.0,1.9276720559002818e-51,1.2611640124041125e-34,0.0,3.0138487429567063e-07
24.93,1.4324394408919644e-06,1.3486621944511221,0.0,-5.274397540172324e-23,0.9233055359061367,3.742093453477842e-05,0.0101954560841845,0.0,1.5735052104987516e-51,1.9231783997575617e-34,0.0,1.9673107170564765e-07
24.94,3.549250232589491e-07,1.3186574750353326,0.0,-5.639202828749778e-23,0.8816685292060997,2.3858122449336963e-05,0.006370785275435104,0.0,1.1565073478122985e-51,2.2768303785618554e-34,0.0,9.699064037876165e-08
24.95,-5.257633267222844e-07,1.265532006549888,0.0,-5.433221852506395e-23,0.8271104029544234,1.1075415193822889e-05,0.0036394535010818743,0.0,7.26469316883049e-52,2.3563816220237256e-34,0.0,9.855220147737842e-09
24.96,-1.1741629773362803e-06,1.188921789936886,0.0,-4.795206705929867e-23,0.760186750802373,2.67589565182147e-08,0.001797509729495416,0.0,3.2379266224408562e-52,2.2128409710238355e-34,0.0,-5.971371897269514e-08
24.97,-1.5826451489812641e-06,1.0901595159002826,0.0,-3.872381662619154e-23,0.6823709615239565,-8.687450323633433e-06,0.000652366656896085,0.0,-2.2061101346765086e-53,1.905957322702005e-34,0.0,-1.0934174923187187e-07
24.98,-1.7661958318632538e-06,0.9723188185910366,0.0,-2.805763967262179e-23,0.5960154264168267,-1.479814712312969e-05,2.9406200550663786e-05,0.0,-2.928355950163695e-52,1.4971409604905593e-34,0.0,-1.389021712459013e-07
24.99,-1.7563209472576963e-06,0.8400423633541418,0.0,-1.719132618701581e-23,0.5042071542978798,-1.832107275610651e-05,-0.00022380977142197784,0.0,-4.8070776528959905e-52,1.0437365943576735e-34,0.0,-1.500517091884985e-07
25.0,-1.5947944892333527e-06,0.6991583561889019,0.0,-7.11839215438032e-24,0.4105233733793694,-1.9495160787667152e-05,-0.00023528718019751212,0.0,-5.867660258629538e-52,5.948635361160095e-35,0.0,-1.4570829379022938e-07
25.01,-1.3278301156119966e-06,0.5561324220978572,0.0,1.4472242766591836e-24,0.3187138337948159,-1.871441666962547e-05,-0.00010798955611078787,0.0,-6.19030203438368e-52,1.8885569247926258e-35,0.0,-1.2952889407958794e-07
25.02,-1.0010968209946112e-06,0.4174398092131973,0.0,8.074526885753512e-24,0.23235596700191624,-1.646063053356748e-05,7.940506883204373e-05,0.0,-5.902835211097552e-52,-1.4781289450842334e-35,0.0,-1.054330957939549e-07
25.03,-6.558364738124211e-07,0.2889598396026568,0.0,1.2593346513909163e-23,0.15453717180116955,-1.3242636956533988e-05,0.0002706524419352364,0.0,-5.159461517719191e-52,-4.0033709980603125e-35,0.0,-7.720445482521337e-08
25.04,-3.261900264201368e-07,0.17548190713874523,0.0,1.5054071874530255e-23,0.08761038356339129,-9.54605394805542e-06,0.00042927665824219895,0.0,-4.1216768905758285e-52,-5.64408708854143e-35,0.0,-4.81880720003814e-08
25.05,-3.7710815514448534e-08,0.08037868603036685,0.0,1.5676590663757168e-23,0.03304964127583988,-5.795684432000338e-06,0.0005353761378771977,0.0,-2.9425921128529968e-52,-6.443734382436965e-35,0.0,-2.1090511335954753e-08
25.06,1.9305597749307225e-07,0.0054645443784781325,0.0,1.4795192454689563e-23,-0.008588766794219415,-2.3311933164866794e-06,0.0005821769451564784,0.0,-1.755303646338479e-52,-6.510202202869809e-35,0.0,2.1220696022431697e-09
25.07,3.581163865029717e-07,-0.048972976941505736,0.0,1.2805110408495065e-23,-0.03761037377003609,6.046185092923728e-07,0.0005725846231085997,0.0,-6.654760059287133e-53,-5.992740435916626e-35,0.0,2.0239431854843394e-08
25.08,4.5691882622886695e-07,-0.08400035424697536,0.0,1.0115034689637589e-23,-0.05505271715398797,2.8665810542919006e-06,0.0005159470239660884,0.0,2.521057575083327e-53,-5.060147057902315e-35,0.0,3.275331645318658e-08
25.09,4.948283010219514e-07,-0.10176581216192117,0.0,7.108491333064006e-24,-0.06250715832911909,4.399213702132976e-06,0.00042519198351682197,0.0,9.535513624292437e-53,-3.8818578458594947e-35,0.0,3.9753465390732955e-08
25.1,4.81405404244084e-07,-0.10517204716972747,0.0,4.115592244735326e-24,-0.061918243597163074,5.222612275380236e-06,0.00031445013747111487,0.0,1.423172962314054e-52,-2.612979782834567e-35,0.0,4.179328757986697e-08
25.11,4.286820439608725e-07,-0.09753535712720095,0.0,1.3954357260719183e-24,-0.05538385190578474,5.4147053258943835e-06,0.00019721976116820854,0.0,1.6688935124829026e-52,-1.383744178622525e-35,0.0,3.9743348900071416e-08
25.12,3.495855232882238e-07,-0.08226579591621355,0.0,-8.715544743989818e-25,-0.04497479244524868,5.0922007710878785e-06,8.50816182946823e-05,0.0,1.716559472129965e-52,-2.933679680857587e-36,0.0,3.464808642365263e-08
25.13,2.566175484995739e-07,-0.06259409552504287,0.0,-2.582782963720007e-24,-0.032586987959425835,4.392167726145401e-06,-1.3069253687523889e-05,0.0,1.603887418384409e-52,5.920717809294379e-36,0.0,2.759760759974492e-08
25.14,1.608498830247227e-07,-0.04136155145250907,0.0,-3.706002682710913e-24,-0.019833706081341877,3.4557314505824903e-06,-9.133904434202953e-05,0.0,1.374651891419348e-52,1.238412879615103e-35,0.0,1.96226061971982e-08
25.15,7.125759473251821e-08,-0.02087995969200954,0.0,-4.267258870123129e-24,-0.007980085546040004,2.414861781306363e-06,-0.00014678259079855773,0.0,1.0735722274423662e-52,1.6396483982191762e-35,0.0,1.1616704584520882e-08
25.16,-5.623137610292327e-09,-0.0028608143211645114,0.0,-4.3362801636030085e-24,0.0020821442039596965,1.3827572906905101e-06,-0.0001790772830977757,0.0,7.4219813643585445e-53,1.8124975815483813e-35,0.0,4.287219701275234e-09
25.17,-6.57513464802684e-08,0.01159319296108308,0.0,-4.011135563992635e-24,0.009825105049007342,4.479064340527105e-07,-0.00019001859960450322,0.0,4.159429586659084e-53,1.7901356242662088e-35,0.0,-1.8673489340906006e-09
25.18,-1.0740725574646516e-07,0.021945576825430017,0.0,-3.403655599858513e-24,0.015047816800810814,-3.2843210366808177e-07,-0.0001829253735537656,0.0,1.222815723191987e-53,1.6158090730339415e-35,0.0,-6.556790072176155e-09
25.19,-1.3085186738585316e-07,0.028145914871696067,0.0,-2.6267322458754775e-24,0.01782026827668746,-9.118324348122952e-07,-0.00016203027821303542,0.0,-1.1997561395793277e-53,1.3369199280013073e-35,0.0,-9.680529777145416e-09
25.2,-1.3788514439909674e-07,0.030526335954538707,0.0,-1.784211973472098e-24,0.018416944458962994,-1.2920394647864653e-06,-0.00013191497073122537,0.0,-3.004966157131218e-53,9.999971744810337e-36,0.0,-1.1296323940650423e-08
25.21,-1.3136291188808626e-07,0.029688041669130295,0.0,-9.63718240372165e-25,0.017247490579249212,-1.4787539232902403e-06,-9.703186447439158e-05,0.0,-4.1653895437568227e-53,6.468082389981112e-36,0.0,-1.1581711632799921e-08
25.22,-1.1472349758391749e-07,0.026389444053696063,0.0,-2.3241217589544604e-25,0.014790909107384379,-1.4965618525107932e-06,-6.133734057996398e-05,0.0,-4.715843357155085e-53,3.1170968406983025e-36,0.0,-1.079313470240312e-08
25.23,-9.156349126169781e-08,0.021445026227016887,0.0,3.64558823493427e-25,0.01153809447063656,-1.379633380796019e-06,-2.8045722225697267e-05,0.0,-4.737172051579826e-53,2.0206979438705447e-37,0.0,-9.226795986804797e-09
25.24,-6.528937584356932e-08,0.015641258266818125,0.0,8.033572242663607e-25,0.007945819627780643,-1.1667036783839261e-06,4.995366111302011e-07,0.0,-4.339432982233044e-53,-2.1140626625122085e-36,0.0,-7.184315165096856e-09
25.25,-3.885948495230374e-08,0.009673138125848657,0.0,1.079034765386721e-24,0.004403670082531792,-8.967158370813776e-07,2.2850723211887756e-05,0.0,-3.6460808593894586e-53,-3.755263051975916e-36,0.0,-4.945174501495425e-09
25.26,-1.4619779034800225e-08,0.0041024198796449024,0.0,1.2019700817091295e-24,0.001214003396151631,-6.053671801158154e-07,3.8396503652952524e-05,0.0,-2.7803245964435395e-53,-4.720668487050403e-36,0.0,-2.74693114715767e-09
25.27,5.7720181253642365e-09,-0.0006634919763510732,0.0,1.1937178418884023e-24,-0.0014161205544415134,-3.226703638369306e-07,4.724132132840704e-05,0.0,-1.8543917160517699e-53,-5.0687642478425106e-36,0.0,-7.732863450847643e-10
25.28,2.1345961022993793e-08,-0.004374567532152123,0.0,1.0827572172043848e-24,-0.0033729006922712354,-7.152825724970306e-08,5.004709785467952e-05,0.0,-9.620255186858661e-54,-4.899707832187903e-36,0.0,8.506049614862751e-10
25.29,3.1759276506808256e-08,-0.006926696291887056,0.0,9.005331686134837e-25,-0.004625987955037266,1.3276694591501105e-07,4.785912415242158e-05,0.0,-1.7418846359490667e-54,-4.337741930274402e-36,0.0,2.0567040888180197e-09
25.3,3.7193631083375213e-08,-0.008339843935932267,0.0,6.780752213994239e-25,-0.005213427635246376,2.8226191092751916e-07,4.193479520542224e-05,0.0,4.6232986617822897e-54,-3.515217201046949e-36,0.0,2.8279571703045384e-09
25.31,3.8228171911059276e-08,-0.008729947318527078,0.0,4.433676770020119e-25,-0.005223789432164801,3.7548479579878923e-07,3.358965043591053e-05,0.0,9.238923912052344e-54,-2.559283373109333e-36,0.0,3.1889930507356455e-09
25.32,3.570458133944093e-08,-0.008278343335291339,0.0,2.1954268031707177e-25,-0.004777650623152334,4.1620121449191586e-07,2.40706060843221e-05,0.0,1.2071811525332398e-53,-1.5818499815023055e-36,0.0,3.1951354604497094e-09
25.33,3.059765487846233e-08,-0.007201936920369585,0.0,2.3880456661578505e-26,-0.0040101943574173265,4.1197426107238103e-07,1.4461790560061765e-05,0.0,1.3251824453161728e-53,-6.7300489570069075e-37,0.0,2.921048419403077e-09
25.34,2.3901577923476776e-08,-0.005726569185960118,0.0,-1.3246628753240294e-25,-0.003056213831612817,3.7269621820011433e-07,5.62439031898148e-06,0.0,1.3025920984085152e-53,1.0226348629208908e-37,0.0,2.4500875531070093e-09
25.35,1.6538556653904387e-08,-0.004065245657570063,0.0,-2.441526389258341e-25,-0.0020383292422221757,3.092266865694415e-07,-1.8313664187394857e-06,0.0,1.1711663242962168e-53,7.044509674135294e-37,0.0,1.865141949836129e-09
25.36,9.293099908272171e-09,-0.0024021082939618857,0.0,-3.108801475025082e-25,-0.001058772633971985,2.3223414563408493e-07,-7.546383632544186e-06,0.0,9.654374947589729e-54,1.1176061750400925e-36,0.0,1.2414553438965022e-09
25.37,2.772310613934064e-09,-0.0008823457663190358,0.0,-3.3635380256811716e-25,-0.00019470857105215753,1.5129970650952214e-07,-1.1390859603776399e-05,0.0,7.190938365426564e-54,1.3457408637470685e-36,0.0,6.416392459881322e-10
25.38,-2.609805040286179e-09,0.0003923241605523293,0.0,-3.271081326946628e-25,0.000503244041112843,7.430649314709359e-08,-1.3426968456572588e-05,0.0,4.622009119727138e-54,1.4082459769416248e-36,0.0,1.1285409110446034e-10
25.39,-6.62768445756106e-09,0.0013633767955853829,0.0,-2.9133290272768245e-25,0.0010098332486130812,7.108149818038302e-09,-1.3862574631297768e-05,0.0,2.1933157936852e-54,1.3349245426956741e-36,0.0,-3.140502143436232e-10
25.4,-9.223893642027377e-09,0.002011440319478522,0.0,-2.3780143947282687e-25,0.0013220007726679286,-4.6553107879889e-08,-1.3001911142538098e-05,0.0,8.577504233803495e-56,1.1611573540323976e-36,0.0,-6.237706645905467e-10
25.41,-1.0478221912215778e-08,0.002349638973721629,0.0,-1.7497397527021246e-25,0.0014544121076202094,-8.492414358525668e-08,-1.1198175508879487e-05,0.0,-1.5865633477542428e-54,9.235973509765704e-37,0.0,-8.145724028373504e-10
25.42,-1.0571125271189365e-08,0.0024154549362403496,0.0,-1.10317903584004e-25,0.001434355483757227,-1.0796794437595622e-07,-8.81179463303767e-06,0.0,-2.772207379374417e-54,6.566594120774753e-37,0.0,-8.95523988772661e-10
25.43,-9.745924434029362e-09,0.0022621374817809385,0.0,-4.9859116850857075e-26,0.0012965918515425929,-1.1699576897396772e-07,-6.176834077846756e-06,0.0,-3.473268082200243e-54,3.899470618186913e-37,0.0,-8.833553596595289e-10
25.44,-8.273360638536252e-09,0.00195051460122317,0.0,2.044532110170633e-27,0.001078621766826803,-1.1425687633286876e-07,-3.5768043669236117e-06,0.0,-3.7336278695802665e-54,1.466464318297995e-37,0.0,-7.992955706056955e-10
25.45,-6.421165450227577e-09,0.0015418510658110978,0.0,4.2734103407362547e-26,0.0008167027825413979,-1.025312044678972e-07,-1.2300417096663107e-06,0.0,-3.62588729596412e-54,-5.717266278336869e-38,0.0,-6.661756657995478e-10
25.46,-4.430321103132537e-09,0.0010921739708166023,0.0,7.11227834326211e-26,0.0005428173654586073,-8.47608091312369e-08,7.160257024846853e-07,0.0,-3.2385120034441755e-54,-2.124750255577376e-37,0.0,-5.060005143979299e-10
25.47,-2.4987656040385082e-09,0.0006482734868334503,0.0,8.745530187185753e-26,0.000282668084193556,-6.37451836979126e-08,2.1830419909771954e-06,0.0,-2.6642931199400985e-54,-3.165658923371091e-37,0.0,-3.381111169830401e-10
25.48,-7.72497554127626e-10,0.0002453988355703633,0.0,9.29982865135154e-26,5.4672078495325116e-05,-4.191490308154392e-08,3.1540202725888175e-06,0.0,-1.9908925726485658e-54,-3.7197099514249352e-37,0.0,-1.779828594701462e-10
25.49,6.565996719033175e-10,-9.348230314407729e-05,0.0,8.970315458522558e-26,-0.00013015452956480144,-2.11882579020281e-08,3.6616362563941363e-06,0.0,-1.2939053693142045e-54,-3.850764990535459e-37,0.0,-3.6640496407959944e-11
